Voltaje(V),16:58:14,16:58:34,16:58:52,16:59:16,16:59:44,17:00:15,17:01:14,17:02:15,17:03:21,17:04:23,17:05:24,17:06:21,17:07:27,17:08:22,17:13:16,17:18:03,17:28:00
-9.31801E-02,3.42046E-04,3.41744E-04,3.40809E-04,3.40237E-04,3.40360E-04,3.40241E-04,3.40300E-04,3.40041E-04,3.40198E-04,3.40802E-04,3.40723E-04,3.41901E-04,3.42867E-04,3.44461E-04,3.44561E-04,3.44616E-04,3.45441E-04
-9.85126E-02,3.23960E-04,3.23769E-04,3.22719E-04,3.22265E-04,3.21748E-04,3.21600E-04,3.21610E-04,3.21306E-04,3.21074E-04,3.21672E-04,3.21566E-04,3.22244E-04,3.23120E-04,3.24311E-04,3.24634E-04,3.25130E-04,3.26375E-04
-9.67184E-02,3.29826E-04,3.29777E-04,3.28693E-04,3.27845E-04,3.27488E-04,3.27487E-04,3.26970E-04,3.27229E-04,3.26781E-04,3.27566E-04,3.27315E-04,3.28346E-04,3.29228E-04,3.30519E-04,3.31236E-04,3.31847E-04,3.33360E-04
-9.46238E-02,3.32481E-04,3.31962E-04,3.30957E-04,3.29769E-04,3.30064E-04,3.30014E-04,3.29364E-04,3.29555E-04,3.29498E-04,3.29944E-04,3.29483E-04,3.30772E-04,3.31776E-04,3.33621E-04,3.34713E-04,3.35427E-04,3.36893E-04
-9.25426E-02,3.33552E-04,3.32592E-04,3.31607E-04,3.30669E-04,3.30844E-04,3.30693E-04,3.30502E-04,3.30203E-04,3.30397E-04,3.30648E-04,3.30549E-04,3.31908E-04,3.33269E-04,3.35434E-04,3.36557E-04,3.37392E-04,3.38635E-04
-9.04930E-02,3.33653E-04,3.32954E-04,3.31913E-04,3.31201E-04,3.30793E-04,3.30619E-04,3.30648E-04,3.30373E-04,3.30489E-04,3.30890E-04,3.31192E-04,3.32704E-04,3.34265E-04,3.36132E-04,3.37288E-04,3.38218E-04,3.39288E-04
-8.84602E-02,3.33641E-04,3.33094E-04,3.32157E-04,3.31055E-04,3.30822E-04,3.30695E-04,3.30345E-04,3.30577E-04,3.30549E-04,3.31129E-04,3.31181E-04,3.32930E-04,3.34488E-04,3.36199E-04,3.37608E-04,3.38648E-04,3.39717E-04
-8.63923E-02,3.33760E-04,3.32715E-04,3.31948E-04,3.30526E-04,3.30913E-04,3.30627E-04,3.30309E-04,3.30391E-04,3.30754E-04,3.31068E-04,3.30806E-04,3.32654E-04,3.34316E-04,3.36410E-04,3.38090E-04,3.39178E-04,3.40220E-04
-8.43478E-02,3.33550E-04,3.32126E-04,3.31422E-04,3.30289E-04,3.30535E-04,3.30087E-04,3.30328E-04,3.29844E-04,3.30445E-04,3.30564E-04,3.30579E-04,3.32427E-04,3.34386E-04,3.36704E-04,3.38296E-04,3.39458E-04,3.40341E-04
-8.23383E-02,3.33023E-04,3.31902E-04,3.31098E-04,3.30258E-04,3.29892E-04,3.29435E-04,3.29907E-04,3.29415E-04,3.29846E-04,3.30203E-04,3.30574E-04,3.32471E-04,3.34616E-04,3.36512E-04,3.38009E-04,3.39248E-04,3.40050E-04
-8.03388E-02,3.32639E-04,3.31778E-04,3.31028E-04,3.29875E-04,3.29596E-04,3.29172E-04,3.29288E-04,3.29330E-04,3.29527E-04,3.30159E-04,3.30251E-04,3.32316E-04,3.34372E-04,3.36139E-04,3.37743E-04,3.38962E-04,3.39888E-04
-7.82776E-02,3.32600E-04,3.31288E-04,3.30629E-04,3.29215E-04,3.29550E-04,3.28969E-04,3.29059E-04,3.28977E-04,3.29415E-04,3.29862E-04,3.29657E-04,3.31814E-04,3.33873E-04,3.36054E-04,3.37802E-04,3.38995E-04,3.40024E-04
-7.62581E-02,3.32325E-04,3.30757E-04,3.29986E-04,3.28939E-04,3.29054E-04,3.28415E-04,3.28990E-04,3.28357E-04,3.28908E-04,3.29242E-04,3.29342E-04,3.31463E-04,3.33773E-04,3.36126E-04,3.37718E-04,3.38941E-04,3.39891E-04
-7.42570E-02,3.31748E-04,3.30562E-04,3.29648E-04,3.28907E-04,3.28367E-04,3.27788E-04,3.28476E-04,3.27910E-04,3.28184E-04,3.28777E-04,3.29284E-04,3.31413E-04,3.33778E-04,3.35881E-04,3.37269E-04,3.38455E-04,3.39449E-04
-7.22408E-02,3.31362E-04,3.30552E-04,3.29563E-04,3.28489E-04,3.28083E-04,3.27629E-04,3.27784E-04,3.27838E-04,3.27770E-04,3.28675E-04,3.28948E-04,3.31216E-04,3.33399E-04,3.35395E-04,3.36889E-04,3.38031E-04,3.39186E-04
-7.01946E-02,3.31313E-04,3.30207E-04,3.29187E-04,3.27846E-04,3.28016E-04,3.27570E-04,3.27537E-04,3.27490E-04,3.27631E-04,3.28339E-04,3.28359E-04,3.30721E-04,3.32817E-04,3.35252E-04,3.36891E-04,3.37993E-04,3.39270E-04
-6.82018E-02,3.31050E-04,3.29686E-04,3.28572E-04,3.27570E-04,3.27533E-04,3.27128E-04,3.27387E-04,3.26884E-04,3.27101E-04,3.27703E-04,3.28055E-04,3.30358E-04,3.32583E-04,3.35315E-04,3.36784E-04,3.37889E-04,3.39079E-04
-6.62174E-02,3.30542E-04,3.29616E-04,3.28275E-04,3.27555E-04,3.26942E-04,3.26662E-04,3.26914E-04,3.26527E-04,3.26478E-04,3.27248E-04,3.28061E-04,3.30403E-04,3.32591E-04,3.35038E-04,3.36389E-04,3.37525E-04,3.38610E-04
-6.42196E-02,3.30179E-04,3.29625E-04,3.28256E-04,3.27167E-04,3.26692E-04,3.26596E-04,3.26249E-04,3.26487E-04,3.26172E-04,3.27127E-04,3.27688E-04,3.30198E-04,3.32169E-04,3.34500E-04,3.36019E-04,3.37147E-04,3.38335E-04
-6.21901E-02,3.30172E-04,3.29244E-04,3.27916E-04,3.26502E-04,3.26671E-04,3.26577E-04,3.26058E-04,3.26189E-04,3.26140E-04,3.26837E-04,3.27086E-04,3.29665E-04,3.31520E-04,3.34323E-04,3.36070E-04,3.37160E-04,3.38390E-04
-6.01522E-02,3.29934E-04,3.28667E-04,3.27376E-04,3.26231E-04,3.26257E-04,3.26118E-04,3.25986E-04,3.25621E-04,3.25800E-04,3.26256E-04,3.26832E-04,3.29293E-04,3.31335E-04,3.34331E-04,3.36007E-04,3.37128E-04,3.38183E-04
-5.81695E-02,3.29396E-04,3.28508E-04,3.27096E-04,3.26223E-04,3.25689E-04,3.25635E-04,3.25506E-04,3.25293E-04,3.25266E-04,3.25910E-04,3.26812E-04,3.29242E-04,3.31357E-04,3.33964E-04,3.35601E-04,3.36779E-04,3.37667E-04
-5.61817E-02,3.29047E-04,3.28430E-04,3.27154E-04,3.25840E-04,3.25493E-04,3.25527E-04,3.24951E-04,3.25248E-04,3.25109E-04,3.25892E-04,3.26495E-04,3.29005E-04,3.30981E-04,3.33375E-04,3.35249E-04,3.36459E-04,3.37395E-04
-5.41655E-02,3.29062E-04,3.27959E-04,3.26848E-04,3.25223E-04,3.25565E-04,3.25427E-04,3.24864E-04,3.25005E-04,3.25226E-04,3.25707E-04,3.25912E-04,3.28470E-04,3.30467E-04,3.33157E-04,3.35238E-04,3.36526E-04,3.37459E-04
-5.21477E-02,3.28825E-04,3.27352E-04,3.26373E-04,3.25010E-04,3.25190E-04,3.24920E-04,3.24892E-04,3.24483E-04,3.24979E-04,3.25228E-04,3.25667E-04,3.28099E-04,3.30346E-04,3.33192E-04,3.35204E-04,3.36539E-04,3.37276E-04
-5.01416E-02,3.28324E-04,3.27168E-04,3.26152E-04,3.25085E-04,3.24666E-04,3.24368E-04,3.24506E-04,3.24172E-04,3.24494E-04,3.24940E-04,3.25687E-04,3.28069E-04,3.30428E-04,3.32820E-04,3.34727E-04,3.36173E-04,3.36812E-04
-4.81655E-02,3.28037E-04,3.27117E-04,3.26192E-04,3.24783E-04,3.24517E-04,3.24242E-04,3.24062E-04,3.24188E-04,3.24358E-04,3.25003E-04,3.25390E-04,3.27875E-04,3.30132E-04,3.32306E-04,3.34373E-04,3.35850E-04,3.36556E-04
-4.61293E-02,3.28105E-04,3.26729E-04,3.25980E-04,3.24262E-04,3.24594E-04,3.24120E-04,3.24019E-04,3.23991E-04,3.24482E-04,3.24900E-04,3.24901E-04,3.27391E-04,3.29670E-04,3.32182E-04,3.34389E-04,3.35886E-04,3.36621E-04
-4.41148E-02,3.27919E-04,3.26251E-04,3.25505E-04,3.24153E-04,3.24262E-04,3.23642E-04,3.24103E-04,3.23519E-04,3.24191E-04,3.24421E-04,3.24700E-04,3.27100E-04,3.29599E-04,3.32237E-04,3.34281E-04,3.35844E-04,3.36476E-04
-4.21387E-02,3.27469E-04,3.26219E-04,3.25282E-04,3.24304E-04,3.23772E-04,3.23160E-04,3.23741E-04,3.23247E-04,3.23654E-04,3.24186E-04,3.24780E-04,3.27157E-04,3.29703E-04,3.32001E-04,3.33843E-04,3.35412E-04,3.36031E-04
-4.01609E-02,3.27315E-04,3.26339E-04,3.25400E-04,3.24049E-04,3.23684E-04,3.23125E-04,3.23321E-04,3.23335E-04,3.23473E-04,3.24249E-04,3.24542E-04,3.27035E-04,3.29385E-04,3.31542E-04,3.33496E-04,3.35027E-04,3.35832E-04
-3.81297E-02,3.27438E-04,3.26126E-04,3.25173E-04,3.23589E-04,3.23786E-04,3.23164E-04,3.23279E-04,3.23165E-04,3.23519E-04,3.24117E-04,3.24102E-04,3.26649E-04,3.28924E-04,3.31491E-04,3.33536E-04,3.35043E-04,3.35949E-04
-3.61036E-02,3.27293E-04,3.25791E-04,3.24719E-04,3.23520E-04,3.23483E-04,3.22819E-04,3.23307E-04,3.22703E-04,3.23163E-04,3.23651E-04,3.23959E-04,3.26432E-04,3.28816E-04,3.31673E-04,3.33501E-04,3.34965E-04,3.35815E-04
-3.41191E-02,3.26926E-04,3.25880E-04,3.24569E-04,3.23672E-04,3.23019E-04,3.22520E-04,3.22983E-04,3.22508E-04,3.22632E-04,3.23407E-04,3.24082E-04,3.26539E-04,3.28895E-04,3.31460E-04,3.33111E-04,3.34563E-04,3.35448E-04
-3.21414E-02,3.26757E-04,3.26055E-04,3.24682E-04,3.23432E-04,3.22930E-04,3.22634E-04,3.22533E-04,3.22630E-04,3.22452E-04,3.23471E-04,3.23873E-04,3.26468E-04,3.28599E-04,3.31028E-04,3.32844E-04,3.34198E-04,3.35283E-04
-3.00985E-02,3.26887E-04,3.25843E-04,3.24500E-04,3.22932E-04,3.23070E-04,3.22770E-04,3.22433E-04,3.22487E-04,3.22517E-04,3.23285E-04,3.23447E-04,3.26087E-04,3.28117E-04,3.31008E-04,3.32943E-04,3.34245E-04,3.35407E-04
-2.80924E-02,3.26777E-04,3.25476E-04,3.24096E-04,3.22861E-04,3.22821E-04,3.22533E-04,3.22522E-04,3.22061E-04,3.22265E-04,3.22857E-04,3.23323E-04,3.25876E-04,3.28054E-04,3.31186E-04,3.32977E-04,3.34275E-04,3.35299E-04
-2.61146E-02,3.26396E-04,3.25516E-04,3.23968E-04,3.22977E-04,3.22365E-04,3.22259E-04,3.22218E-04,3.21915E-04,3.21816E-04,3.22621E-04,3.23475E-04,3.25995E-04,3.28180E-04,3.30949E-04,3.32655E-04,3.33973E-04,3.34925E-04
-2.41151E-02,3.26181E-04,3.25572E-04,3.24133E-04,3.22693E-04,3.22324E-04,3.22363E-04,3.21781E-04,3.22034E-04,3.21752E-04,3.22720E-04,3.23272E-04,3.25890E-04,3.27915E-04,3.30521E-04,3.32461E-04,3.33770E-04,3.34783E-04
-2.20906E-02,3.26297E-04,3.25263E-04,3.23992E-04,3.22231E-04,3.22472E-04,3.22449E-04,3.21770E-04,3.21915E-04,3.21963E-04,3.22626E-04,3.22868E-04,3.25505E-04,3.27491E-04,3.30443E-04,3.32600E-04,3.33926E-04,3.34982E-04
-2.00778E-02,3.26177E-04,3.24851E-04,3.23642E-04,3.22170E-04,3.22263E-04,3.22129E-04,3.21896E-04,3.21528E-04,3.21840E-04,3.22261E-04,3.22753E-04,3.25270E-04,3.27506E-04,3.30599E-04,3.32654E-04,3.34052E-04,3.34898E-04
-1.80917E-02,3.25823E-04,3.24784E-04,3.23555E-04,3.22293E-04,3.21833E-04,3.21741E-04,3.21660E-04,3.21373E-04,3.21481E-04,3.22102E-04,3.22923E-04,3.25361E-04,3.27678E-04,3.30309E-04,3.32336E-04,3.33820E-04,3.34543E-04
-1.61106E-02,3.25629E-04,3.24812E-04,3.23760E-04,3.22135E-04,3.21846E-04,3.21765E-04,3.21279E-04,3.21535E-04,3.21536E-04,3.22302E-04,3.22742E-04,3.25279E-04,3.27490E-04,3.29863E-04,3.32116E-04,3.33629E-04,3.34395E-04
-1.40727E-02,3.25825E-04,3.24538E-04,3.23656E-04,3.21752E-04,3.22071E-04,3.21758E-04,3.21355E-04,3.21458E-04,3.21814E-04,3.22290E-04,3.22383E-04,3.24927E-04,3.27157E-04,3.29833E-04,3.32254E-04,3.33838E-04,3.34608E-04
-1.20616E-02,3.25759E-04,3.24154E-04,3.23315E-04,3.21742E-04,3.21862E-04,3.21344E-04,3.21590E-04,3.21053E-04,3.21699E-04,3.21991E-04,3.22301E-04,3.24739E-04,3.27199E-04,3.30013E-04,3.32240E-04,3.33955E-04,3.34533E-04
-1.00788E-02,3.25491E-04,3.24198E-04,3.23235E-04,3.21982E-04,3.21467E-04,3.20949E-04,3.21370E-04,3.20947E-04,3.21384E-04,3.21874E-04,3.22475E-04,3.24911E-04,3.27429E-04,3.29808E-04,3.31924E-04,3.33705E-04,3.34201E-04
-8.07935E-03,3.25373E-04,3.24408E-04,3.23464E-04,3.21856E-04,3.21518E-04,3.21007E-04,3.21059E-04,3.21169E-04,3.21384E-04,3.22146E-04,3.22386E-04,3.24897E-04,3.27262E-04,3.29454E-04,3.31702E-04,3.33466E-04,3.34098E-04
-6.05819E-03,3.25652E-04,3.24261E-04,3.23384E-04,3.21548E-04,3.21758E-04,3.21086E-04,3.21201E-04,3.21109E-04,3.21620E-04,3.22128E-04,3.22062E-04,3.24597E-04,3.26950E-04,3.29535E-04,3.31877E-04,3.33632E-04,3.34339E-04
-4.03369E-03,3.25682E-04,3.24008E-04,3.23059E-04,3.21594E-04,3.21591E-04,3.20821E-04,3.21409E-04,3.20800E-04,3.21433E-04,3.21839E-04,3.22036E-04,3.24510E-04,3.26998E-04,3.29791E-04,3.31915E-04,3.33661E-04,3.34274E-04
-2.06760E-03,3.25429E-04,3.24204E-04,3.22987E-04,3.21863E-04,3.21236E-04,3.20575E-04,3.21202E-04,3.20712E-04,3.21039E-04,3.21708E-04,3.22290E-04,3.24727E-04,3.27184E-04,3.29697E-04,3.31618E-04,3.33332E-04,3.33971E-04
-6.81356E-05,3.25343E-04,3.24507E-04,3.23240E-04,3.21764E-04,3.21301E-04,3.20821E-04,3.20903E-04,3.20977E-04,3.20989E-04,3.21919E-04,3.22216E-04,3.24787E-04,3.27014E-04,3.29403E-04,3.31444E-04,3.33080E-04,3.33911E-04
1.95970E-03,3.25626E-04,3.24408E-04,3.23157E-04,3.21391E-04,3.21542E-04,3.21035E-04,3.20985E-04,3.20911E-04,3.21136E-04,3.21878E-04,3.21885E-04,3.24521E-04,3.26624E-04,3.29482E-04,3.31632E-04,3.33191E-04,3.34153E-04
3.98420E-03,3.25650E-04,3.24184E-04,3.22872E-04,3.21474E-04,3.21379E-04,3.20887E-04,3.21191E-04,3.20649E-04,3.20970E-04,3.21552E-04,3.21933E-04,3.24456E-04,3.26691E-04,3.29789E-04,3.31742E-04,3.33284E-04,3.34154E-04
5.94194E-03,3.25359E-04,3.24374E-04,3.22871E-04,3.21742E-04,3.21075E-04,3.20805E-04,3.20957E-04,3.20620E-04,3.20607E-04,3.21422E-04,3.22204E-04,3.24701E-04,3.26907E-04,3.29720E-04,3.31527E-04,3.32984E-04,3.33894E-04
7.91804E-03,3.25276E-04,3.24608E-04,3.23110E-04,3.21593E-04,3.21154E-04,3.21069E-04,3.20634E-04,3.20880E-04,3.20606E-04,3.21659E-04,3.22114E-04,3.24758E-04,3.26734E-04,3.29423E-04,3.31414E-04,3.32810E-04,3.33853E-04
9.96257E-03,3.25493E-04,3.24427E-04,3.23057E-04,3.21232E-04,3.21420E-04,3.21334E-04,3.20732E-04,3.20855E-04,3.20844E-04,3.21613E-04,3.21833E-04,3.24473E-04,3.26418E-04,3.29512E-04,3.31647E-04,3.33023E-04,3.34101E-04
1.19871E-02,3.25490E-04,3.24137E-04,3.22820E-04,3.21266E-04,3.21253E-04,3.21139E-04,3.20976E-04,3.20577E-04,3.20772E-04,3.21322E-04,3.21866E-04,3.24383E-04,3.26560E-04,3.29793E-04,3.31802E-04,3.33197E-04,3.34121E-04
1.39565E-02,3.25147E-04,3.24180E-04,3.22819E-04,3.21525E-04,3.20983E-04,3.20947E-04,3.20756E-04,3.20536E-04,3.20544E-04,3.21238E-04,3.22116E-04,3.24618E-04,3.26844E-04,3.29635E-04,3.31577E-04,3.33030E-04,3.33835E-04
1.59476E-02,3.25055E-04,3.24346E-04,3.23102E-04,3.21359E-04,3.21087E-04,3.21136E-04,3.20479E-04,3.20805E-04,3.20645E-04,3.21509E-04,3.22052E-04,3.24614E-04,3.26735E-04,3.29297E-04,3.31470E-04,3.32923E-04,3.33782E-04
1.79705E-02,3.25286E-04,3.24122E-04,3.23065E-04,3.21081E-04,3.21339E-04,3.21224E-04,3.20669E-04,3.20814E-04,3.21021E-04,3.21554E-04,3.21761E-04,3.24379E-04,3.26489E-04,3.29334E-04,3.31758E-04,3.33220E-04,3.34059E-04
2.00000E-02,3.25266E-04,3.23762E-04,3.22801E-04,3.21150E-04,3.21232E-04,3.20931E-04,3.20919E-04,3.20532E-04,3.21025E-04,3.21324E-04,3.21799E-04,3.24277E-04,3.26678E-04,3.29565E-04,3.31848E-04,3.33460E-04,3.34045E-04
2.19761E-02,3.25020E-04,3.23864E-04,3.22798E-04,3.21449E-04,3.20945E-04,3.20642E-04,3.20784E-04,3.20482E-04,3.20790E-04,3.21288E-04,3.22056E-04,3.24479E-04,3.26965E-04,3.29404E-04,3.31597E-04,3.33280E-04,3.33764E-04
2.39722E-02,3.24988E-04,3.24090E-04,3.23108E-04,3.21392E-04,3.21112E-04,3.20745E-04,3.20583E-04,3.20785E-04,3.20910E-04,3.21652E-04,3.22015E-04,3.24524E-04,3.26880E-04,3.29125E-04,3.31486E-04,3.33180E-04,3.33758E-04
2.59817E-02,3.25285E-04,3.23936E-04,3.23058E-04,3.21134E-04,3.21390E-04,3.20831E-04,3.20787E-04,3.20767E-04,3.21290E-04,3.21749E-04,3.21779E-04,3.24312E-04,3.26608E-04,3.29180E-04,3.31711E-04,3.33471E-04,3.34012E-04
2.80078E-02,3.25338E-04,3.23703E-04,3.22801E-04,3.21258E-04,3.21279E-04,3.20569E-04,3.21059E-04,3.20526E-04,3.21226E-04,3.21500E-04,3.21810E-04,3.24263E-04,3.26747E-04,3.29504E-04,3.31794E-04,3.33644E-04,3.33979E-04
2.99689E-02,3.25149E-04,3.23898E-04,3.22804E-04,3.21615E-04,3.21005E-04,3.20351E-04,3.20965E-04,3.20511E-04,3.20953E-04,3.21487E-04,3.22129E-04,3.24570E-04,3.27044E-04,3.29445E-04,3.31545E-04,3.33399E-04,3.33738E-04
3.19567E-02,3.25160E-04,3.24236E-04,3.23062E-04,3.21560E-04,3.21162E-04,3.20609E-04,3.20776E-04,3.20819E-04,3.20999E-04,3.21784E-04,3.22110E-04,3.24682E-04,3.26922E-04,3.29195E-04,3.31424E-04,3.33239E-04,3.33745E-04
3.39912E-02,3.25421E-04,3.24146E-04,3.23009E-04,3.21272E-04,3.21444E-04,3.20817E-04,3.20923E-04,3.20837E-04,3.21247E-04,3.21804E-04,3.21840E-04,3.24458E-04,3.26608E-04,3.29342E-04,3.31686E-04,3.33385E-04,3.34019E-04
3.60074E-02,3.25481E-04,3.23971E-04,3.22755E-04,3.21420E-04,3.21309E-04,3.20707E-04,3.21176E-04,3.20613E-04,3.21123E-04,3.21541E-04,3.21911E-04,3.24448E-04,3.26706E-04,3.29725E-04,3.31804E-04,3.33481E-04,3.34029E-04
3.79701E-02,3.25235E-04,3.24161E-04,3.22752E-04,3.21748E-04,3.21059E-04,3.20645E-04,3.21060E-04,3.20603E-04,3.20787E-04,3.21454E-04,3.22258E-04,3.24764E-04,3.26967E-04,3.29698E-04,3.31597E-04,3.33190E-04,3.33808E-04
3.99846E-02,3.25172E-04,3.24452E-04,3.23020E-04,3.21652E-04,3.21173E-04,3.20976E-04,3.20794E-04,3.20944E-04,3.20793E-04,3.21706E-04,3.22211E-04,3.24856E-04,3.26851E-04,3.29484E-04,3.31498E-04,3.32967E-04,3.33788E-04
4.19974E-02,3.25387E-04,3.24326E-04,3.22997E-04,3.21322E-04,3.21479E-04,3.21233E-04,3.20889E-04,3.20947E-04,3.21067E-04,3.21696E-04,3.21981E-04,3.24611E-04,3.26564E-04,3.29641E-04,3.31785E-04,3.33160E-04,3.34116E-04
4.40236E-02,3.25403E-04,3.24076E-04,3.22734E-04,3.21400E-04,3.21369E-04,3.21141E-04,3.21149E-04,3.20722E-04,3.20947E-04,3.21433E-04,3.22032E-04,3.24572E-04,3.26731E-04,3.29953E-04,3.31941E-04,3.33275E-04,3.34140E-04
4.60030E-02,3.25056E-04,3.24177E-04,3.22727E-04,3.21669E-04,3.21062E-04,3.21031E-04,3.20966E-04,3.20732E-04,3.20677E-04,3.21331E-04,3.22351E-04,3.24882E-04,3.27016E-04,3.29905E-04,3.31747E-04,3.33029E-04,3.33918E-04
4.79858E-02,3.24931E-04,3.24360E-04,3.22988E-04,3.21532E-04,3.21201E-04,3.21270E-04,3.20633E-04,3.21002E-04,3.20739E-04,3.21585E-04,3.22276E-04,3.24930E-04,3.26926E-04,3.29608E-04,3.31656E-04,3.32927E-04,3.33879E-04
5.00287E-02,3.25141E-04,3.24159E-04,3.22988E-04,3.21193E-04,3.21479E-04,3.21423E-04,3.20777E-04,3.21013E-04,3.21069E-04,3.21631E-04,3.22002E-04,3.24661E-04,3.26709E-04,3.29678E-04,3.31954E-04,3.33207E-04,3.34193E-04
5.20448E-02,3.25125E-04,3.23834E-04,3.22717E-04,3.21269E-04,3.21358E-04,3.21159E-04,3.21063E-04,3.20712E-04,3.21043E-04,3.21386E-04,3.22060E-04,3.24583E-04,3.26915E-04,3.29953E-04,3.32090E-04,3.33416E-04,3.34206E-04
5.40126E-02,3.24809E-04,3.23892E-04,3.22699E-04,3.21553E-04,3.21049E-04,3.20913E-04,3.20872E-04,3.20700E-04,3.20801E-04,3.21356E-04,3.22315E-04,3.24828E-04,3.27255E-04,3.29815E-04,3.31878E-04,3.33265E-04,3.33948E-04
5.60154E-02,3.24736E-04,3.24067E-04,3.22975E-04,3.21479E-04,3.21205E-04,3.21065E-04,3.20635E-04,3.20967E-04,3.20967E-04,3.21680E-04,3.22306E-04,3.24882E-04,3.27160E-04,3.29503E-04,3.31777E-04,3.33253E-04,3.33921E-04
5.80382E-02,3.25049E-04,3.23862E-04,3.22928E-04,3.21183E-04,3.21491E-04,3.21134E-04,3.20873E-04,3.20969E-04,3.21349E-04,3.21783E-04,3.22022E-04,3.24630E-04,3.26947E-04,3.29593E-04,3.32066E-04,3.33567E-04,3.34209E-04
6.00644E-02,3.25063E-04,3.23581E-04,3.22651E-04,3.21285E-04,3.21356E-04,3.20814E-04,3.21152E-04,3.20697E-04,3.21311E-04,3.21562E-04,3.22099E-04,3.24588E-04,3.27129E-04,3.29845E-04,3.32151E-04,3.33785E-04,3.34200E-04
6.20305E-02,3.24802E-04,3.23671E-04,3.22613E-04,3.21606E-04,3.21061E-04,3.20551E-04,3.20992E-04,3.20661E-04,3.21045E-04,3.21495E-04,3.22345E-04,3.24830E-04,3.27358E-04,3.29716E-04,3.31896E-04,3.33590E-04,3.33916E-04
6.40082E-02,3.24800E-04,3.23938E-04,3.22862E-04,3.21541E-04,3.21194E-04,3.20767E-04,3.20800E-04,3.20946E-04,3.21152E-04,3.21862E-04,3.22303E-04,3.24926E-04,3.27246E-04,3.29445E-04,3.31807E-04,3.33483E-04,3.33914E-04
6.60611E-02,3.25127E-04,3.23799E-04,3.22792E-04,3.21271E-04,3.21476E-04,3.20897E-04,3.21046E-04,3.20944E-04,3.21450E-04,3.21908E-04,3.22066E-04,3.24704E-04,3.26962E-04,3.29565E-04,3.32034E-04,3.33714E-04,3.34202E-04
6.80589E-02,3.25178E-04,3.23596E-04,3.22508E-04,3.21421E-04,3.21314E-04,3.20681E-04,3.21291E-04,3.20710E-04,3.21365E-04,3.21662E-04,3.22130E-04,3.24692E-04,3.27098E-04,3.29936E-04,3.32144E-04,3.33839E-04,3.34213E-04
7.00333E-02,3.24935E-04,3.23766E-04,3.22539E-04,3.21741E-04,3.21075E-04,3.20613E-04,3.21154E-04,3.20764E-04,3.21101E-04,3.21604E-04,3.22482E-04,3.25019E-04,3.27369E-04,3.29924E-04,3.31942E-04,3.33620E-04,3.33961E-04
7.20111E-02,3.24894E-04,3.24076E-04,3.22754E-04,3.21655E-04,3.21208E-04,3.20916E-04,3.20942E-04,3.21063E-04,3.21109E-04,3.21908E-04,3.22446E-04,3.25129E-04,3.27219E-04,3.29702E-04,3.31875E-04,3.33391E-04,3.33986E-04
7.40473E-02,3.25133E-04,3.23955E-04,3.22720E-04,3.21352E-04,3.21518E-04,3.21170E-04,3.21116E-04,3.21089E-04,3.21370E-04,3.21904E-04,3.22212E-04,3.24936E-04,3.26935E-04,3.29891E-04,3.32154E-04,3.33532E-04,3.34305E-04
7.60768E-02,3.25138E-04,3.23716E-04,3.22435E-04,3.21466E-04,3.21351E-04,3.21041E-04,3.21324E-04,3.20831E-04,3.21239E-04,3.21622E-04,3.22290E-04,3.24908E-04,3.27075E-04,3.30282E-04,3.32274E-04,3.33604E-04,3.34365E-04
7.80345E-02,3.24807E-04,3.23874E-04,3.22437E-04,3.21754E-04,3.21080E-04,3.20989E-04,3.21114E-04,3.20872E-04,3.20913E-04,3.21533E-04,3.22652E-04,3.25211E-04,3.27393E-04,3.30267E-04,3.32090E-04,3.33364E-04,3.34120E-04
8.00273E-02,3.24683E-04,3.24110E-04,3.22687E-04,3.21602E-04,3.21224E-04,3.21294E-04,3.20862E-04,3.21170E-04,3.20943E-04,3.21805E-04,3.22604E-04,3.25302E-04,3.27274E-04,3.30024E-04,3.32042E-04,3.33187E-04,3.34171E-04
8.20552E-02,3.24903E-04,3.23936E-04,3.22684E-04,3.21290E-04,3.21525E-04,3.21435E-04,3.20996E-04,3.21176E-04,3.21244E-04,3.21836E-04,3.22339E-04,3.25079E-04,3.27089E-04,3.30183E-04,3.32356E-04,3.33435E-04,3.34493E-04
8.40680E-02,3.24841E-04,3.23623E-04,3.22405E-04,3.21347E-04,3.21382E-04,3.21237E-04,3.21202E-04,3.20933E-04,3.21201E-04,3.21593E-04,3.22433E-04,3.25062E-04,3.27294E-04,3.30512E-04,3.32500E-04,3.33583E-04,3.34520E-04
8.60558E-02,3.24523E-04,3.23704E-04,3.22400E-04,3.21629E-04,3.21113E-04,3.21085E-04,3.21025E-04,3.20907E-04,3.20937E-04,3.21524E-04,3.22738E-04,3.25326E-04,3.27657E-04,3.30418E-04,3.32295E-04,3.33433E-04,3.34290E-04
8.80369E-02,3.24416E-04,3.23903E-04,3.22658E-04,3.21491E-04,3.21256E-04,3.21252E-04,3.20786E-04,3.21201E-04,3.21061E-04,3.21871E-04,3.22687E-04,3.25382E-04,3.27608E-04,3.30136E-04,3.32226E-04,3.33350E-04,3.34272E-04
9.00697E-02,3.24687E-04,3.23698E-04,3.22652E-04,3.21214E-04,3.21526E-04,3.21354E-04,3.20986E-04,3.21204E-04,3.21471E-04,3.21954E-04,3.22445E-04,3.25177E-04,3.27443E-04,3.30227E-04,3.32572E-04,3.33712E-04,3.34577E-04
9.20992E-02,3.24691E-04,3.23392E-04,3.22381E-04,3.21291E-04,3.21369E-04,3.21025E-04,3.21252E-04,3.20933E-04,3.21421E-04,3.21758E-04,3.22511E-04,3.25098E-04,3.27646E-04,3.30501E-04,3.32701E-04,3.33939E-04,3.34573E-04
9.40770E-02,3.24488E-04,3.23474E-04,3.22351E-04,3.21615E-04,3.21120E-04,3.20857E-04,3.21152E-04,3.20949E-04,3.21239E-04,3.21799E-04,3.22821E-04,3.25425E-04,3.28001E-04,3.30388E-04,3.32483E-04,3.33806E-04,3.34307E-04
9.60614E-02,3.24478E-04,3.23705E-04,3.22651E-04,3.21550E-04,3.21293E-04,3.21056E-04,3.20940E-04,3.21235E-04,3.21390E-04,3.22160E-04,3.22784E-04,3.25491E-04,3.27909E-04,3.30094E-04,3.32410E-04,3.33759E-04,3.34303E-04
9.80859E-02,3.24837E-04,3.23524E-04,3.22640E-04,3.21296E-04,3.21565E-04,3.21171E-04,3.21180E-04,3.21259E-04,3.21780E-04,3.22273E-04,3.22584E-04,3.25312E-04,3.27674E-04,3.30213E-04,3.32691E-04,3.34080E-04,3.34628E-04
1.00095E-01,3.24892E-04,3.23273E-04,3.22340E-04,3.21439E-04,3.21422E-04,3.20919E-04,3.21511E-04,3.21013E-04,3.21720E-04,3.22032E-04,3.22664E-04,3.25283E-04,3.27795E-04,3.30523E-04,3.32782E-04,3.34263E-04,3.34621E-04
1.02072E-01,3.24714E-04,3.23450E-04,3.22351E-04,3.21798E-04,3.21176E-04,3.20829E-04,3.21393E-04,3.21063E-04,3.21494E-04,3.22035E-04,3.23019E-04,3.25640E-04,3.28068E-04,3.30464E-04,3.32570E-04,3.34059E-04,3.34362E-04
1.04049E-01,3.24701E-04,3.23737E-04,3.22634E-04,3.21713E-04,3.21349E-04,3.21123E-04,3.21200E-04,3.21402E-04,3.21584E-04,3.22353E-04,3.22973E-04,3.25729E-04,3.27886E-04,3.30212E-04,3.32473E-04,3.33905E-04,3.34380E-04
1.06080E-01,3.24988E-04,3.23634E-04,3.22600E-04,3.21473E-04,3.21629E-04,3.21313E-04,3.21424E-04,3.21419E-04,3.21899E-04,3.22409E-04,3.22769E-04,3.25521E-04,3.27630E-04,3.30395E-04,3.32776E-04,3.34110E-04,3.34685E-04
1.08117E-01,3.25022E-04,3.23401E-04,3.22330E-04,3.21616E-04,3.21506E-04,3.21179E-04,3.21712E-04,3.21202E-04,3.21795E-04,3.22138E-04,3.22871E-04,3.25520E-04,3.27765E-04,3.30781E-04,3.32876E-04,3.34162E-04,3.34733E-04
1.10063E-01,3.24727E-04,3.23617E-04,3.22358E-04,3.21930E-04,3.21256E-04,3.21122E-04,3.21530E-04,3.21247E-04,3.21506E-04,3.22098E-04,3.23220E-04,3.25870E-04,3.28031E-04,3.30773E-04,3.32651E-04,3.33865E-04,3.34464E-04
1.12057E-01,3.24633E-04,3.23882E-04,3.22607E-04,3.21812E-04,3.21440E-04,3.21458E-04,3.21284E-04,3.21600E-04,3.21579E-04,3.22376E-04,3.23198E-04,3.25923E-04,3.27933E-04,3.30575E-04,3.32599E-04,3.33642E-04,3.34496E-04
1.14095E-01,3.24868E-04,3.23767E-04,3.22601E-04,3.21531E-04,3.21701E-04,3.21642E-04,3.21458E-04,3.21595E-04,3.21850E-04,3.22389E-04,3.22962E-04,3.25765E-04,3.27687E-04,3.30766E-04,3.32880E-04,3.33832E-04,3.34830E-04
1.16123E-01,3.24808E-04,3.23530E-04,3.22325E-04,3.21610E-04,3.21593E-04,3.21479E-04,3.21678E-04,3.21354E-04,3.21709E-04,3.22105E-04,3.23042E-04,3.25731E-04,3.27907E-04,3.31111E-04,3.32983E-04,3.33911E-04,3.34864E-04
1.18101E-01,3.24493E-04,3.23652E-04,3.22338E-04,3.21880E-04,3.21321E-04,3.21362E-04,3.21475E-04,3.21351E-04,3.21453E-04,3.22068E-04,3.23359E-04,3.26023E-04,3.28230E-04,3.31041E-04,3.32783E-04,3.33665E-04,3.34639E-04
1.20095E-01,3.24359E-04,3.23881E-04,3.22592E-04,3.21746E-04,3.21486E-04,3.21611E-04,3.21206E-04,3.21658E-04,3.21516E-04,3.22348E-04,3.23301E-04,3.26096E-04,3.28144E-04,3.30775E-04,3.32720E-04,3.33525E-04,3.34659E-04
1.22123E-01,3.24591E-04,3.23703E-04,3.22584E-04,3.21438E-04,3.21743E-04,3.21695E-04,3.21378E-04,3.21642E-04,3.21836E-04,3.22415E-04,3.23047E-04,3.25857E-04,3.27959E-04,3.30891E-04,3.33010E-04,3.33821E-04,3.34972E-04
1.24136E-01,3.24589E-04,3.23397E-04,3.22301E-04,3.21521E-04,3.21604E-04,3.21432E-04,3.21578E-04,3.21344E-04,3.21770E-04,3.22174E-04,3.23103E-04,3.25815E-04,3.28180E-04,3.31163E-04,3.33129E-04,3.34001E-04,3.34945E-04
1.26107E-01,3.24316E-04,3.23497E-04,3.22290E-04,3.21799E-04,3.21323E-04,3.21263E-04,3.21422E-04,3.21361E-04,3.21543E-04,3.22186E-04,3.23409E-04,3.26088E-04,3.28518E-04,3.31048E-04,3.32892E-04,3.33889E-04,3.34708E-04
1.28096E-01,3.24273E-04,3.23715E-04,3.22561E-04,3.21693E-04,3.21503E-04,3.21475E-04,3.21200E-04,3.21654E-04,3.21703E-04,3.22535E-04,3.23344E-04,3.26131E-04,3.28407E-04,3.30716E-04,3.32834E-04,3.33826E-04,3.34690E-04
1.30126E-01,3.24606E-04,3.23499E-04,3.22518E-04,3.21413E-04,3.21753E-04,3.21532E-04,3.21460E-04,3.21609E-04,3.22046E-04,3.22594E-04,3.23067E-04,3.25868E-04,3.28149E-04,3.30767E-04,3.33085E-04,3.34170E-04,3.34955E-04
1.32137E-01,3.24682E-04,3.23195E-04,3.22238E-04,3.21535E-04,3.21580E-04,3.21247E-04,3.21705E-04,3.21315E-04,3.22028E-04,3.22370E-04,3.23128E-04,3.25811E-04,3.28311E-04,3.31057E-04,3.33197E-04,3.34383E-04,3.34943E-04
1.34108E-01,3.24456E-04,3.23293E-04,3.22234E-04,3.21858E-04,3.21302E-04,3.21124E-04,3.21579E-04,3.21370E-04,3.21818E-04,3.22352E-04,3.23425E-04,3.26076E-04,3.28602E-04,3.30908E-04,3.32924E-04,3.34230E-04,3.34669E-04
1.36089E-01,3.24451E-04,3.23549E-04,3.22526E-04,3.21786E-04,3.21478E-04,3.21382E-04,3.21395E-04,3.21666E-04,3.21908E-04,3.22680E-04,3.23361E-04,3.26134E-04,3.28406E-04,3.30568E-04,3.32834E-04,3.34089E-04,3.34648E-04
1.38150E-01,3.24771E-04,3.23402E-04,3.22479E-04,3.21526E-04,3.21738E-04,3.21495E-04,3.21613E-04,3.21639E-04,3.22248E-04,3.22699E-04,3.23088E-04,3.25873E-04,3.28101E-04,3.30704E-04,3.33106E-04,3.34339E-04,3.34948E-04
1.40160E-01,3.24806E-04,3.23140E-04,3.22220E-04,3.21678E-04,3.21606E-04,3.21283E-04,3.21860E-04,3.21411E-04,3.22143E-04,3.22442E-04,3.23154E-04,3.25842E-04,3.28190E-04,3.30999E-04,3.33144E-04,3.34395E-04,3.34921E-04
1.42131E-01,3.24544E-04,3.23305E-04,3.22178E-04,3.21988E-04,3.21322E-04,3.21185E-04,3.21735E-04,3.21430E-04,3.21840E-04,3.22366E-04,3.23448E-04,3.26118E-04,3.28406E-04,3.30904E-04,3.32847E-04,3.34140E-04,3.34663E-04
1.44115E-01,3.24452E-04,3.23604E-04,3.22451E-04,3.21882E-04,3.21504E-04,3.21468E-04,3.21479E-04,3.21732E-04,3.21846E-04,3.22584E-04,3.23353E-04,3.26150E-04,3.28170E-04,3.30595E-04,3.32743E-04,3.33944E-04,3.34669E-04
1.46153E-01,3.24717E-04,3.23497E-04,3.22430E-04,3.21591E-04,3.21781E-04,3.21631E-04,3.21624E-04,3.21716E-04,3.22112E-04,3.22559E-04,3.23038E-04,3.25883E-04,3.27845E-04,3.30742E-04,3.32980E-04,3.34062E-04,3.34994E-04
1.48168E-01,3.24670E-04,3.23270E-04,3.22166E-04,3.21704E-04,3.21622E-04,3.21405E-04,3.21821E-04,3.21435E-04,3.21928E-04,3.22202E-04,3.23084E-04,3.25822E-04,3.27975E-04,3.31073E-04,3.33025E-04,3.34103E-04,3.35003E-04
1.50140E-01,3.24319E-04,3.23442E-04,3.22096E-04,3.21964E-04,3.21342E-04,3.21296E-04,3.21579E-04,3.21411E-04,3.21556E-04,3.22054E-04,3.23305E-04,3.26041E-04,3.28193E-04,3.30958E-04,3.32733E-04,3.33750E-04,3.34758E-04
1.52120E-01,3.24227E-04,3.23680E-04,3.22372E-04,3.21793E-04,3.21513E-04,3.21564E-04,3.21249E-04,3.21672E-04,3.21539E-04,3.22303E-04,3.23199E-04,3.26047E-04,3.28027E-04,3.30683E-04,3.32617E-04,3.33553E-04,3.34770E-04
1.54161E-01,3.24400E-04,3.23499E-04,3.22320E-04,3.21464E-04,3.21740E-04,3.21618E-04,3.21365E-04,3.21574E-04,3.21758E-04,3.22233E-04,3.22878E-04,3.25738E-04,3.27763E-04,3.30768E-04,3.32853E-04,3.33756E-04,3.35052E-04
1.56164E-01,3.24352E-04,3.23230E-04,3.21995E-04,3.21532E-04,3.21558E-04,3.21385E-04,3.21524E-04,3.21242E-04,3.21585E-04,3.21889E-04,3.22835E-04,3.25615E-04,3.27898E-04,3.31027E-04,3.32876E-04,3.33862E-04,3.35060E-04
1.58158E-01,3.24063E-04,3.23333E-04,3.21959E-04,3.21774E-04,3.21253E-04,3.21219E-04,3.21284E-04,3.21187E-04,3.21252E-04,3.21799E-04,3.23048E-04,3.25839E-04,3.28165E-04,3.30845E-04,3.32617E-04,3.33625E-04,3.34803E-04
1.60121E-01,3.23972E-04,3.23501E-04,3.22190E-04,3.21603E-04,3.21395E-04,3.21413E-04,3.20996E-04,3.21385E-04,3.21278E-04,3.22033E-04,3.22904E-04,3.25797E-04,3.27965E-04,3.30491E-04,3.32522E-04,3.33545E-04,3.34780E-04
1.62162E-01,3.24211E-04,3.23285E-04,3.22122E-04,3.21262E-04,3.21576E-04,3.21434E-04,3.21089E-04,3.21274E-04,3.21534E-04,3.22008E-04,3.22548E-04,3.25451E-04,3.27680E-04,3.30502E-04,3.32736E-04,3.33820E-04,3.35062E-04
1.64172E-01,3.24250E-04,3.22959E-04,3.21831E-04,3.21323E-04,3.21342E-04,3.21117E-04,3.21292E-04,3.20937E-04,3.21426E-04,3.21711E-04,3.22525E-04,3.25305E-04,3.27810E-04,3.30695E-04,3.32786E-04,3.34003E-04,3.35024E-04
1.66156E-01,3.24054E-04,3.23064E-04,3.21804E-04,3.21633E-04,3.21069E-04,3.20960E-04,3.21121E-04,3.20901E-04,3.21178E-04,3.21686E-04,3.22789E-04,3.25556E-04,3.28081E-04,3.30564E-04,3.32547E-04,3.33870E-04,3.34749E-04
1.68136E-01,3.24006E-04,3.23225E-04,3.22023E-04,3.21464E-04,3.21173E-04,3.21119E-04,3.20844E-04,3.21135E-04,3.21217E-04,3.21906E-04,3.22640E-04,3.25509E-04,3.27840E-04,3.30149E-04,3.32415E-04,3.33806E-04,3.34729E-04
1.70153E-01,3.24300E-04,3.23022E-04,3.21996E-04,3.21172E-04,3.21364E-04,3.21111E-04,3.21036E-04,3.21054E-04,3.21523E-04,3.21911E-04,3.22298E-04,3.25180E-04,3.27518E-04,3.30176E-04,3.32642E-04,3.34070E-04,3.34978E-04
1.72173E-01,3.24341E-04,3.22720E-04,3.21669E-04,3.21281E-04,3.21153E-04,3.20826E-04,3.21266E-04,3.20729E-04,3.21410E-04,3.21600E-04,3.22312E-04,3.25060E-04,3.27570E-04,3.30394E-04,3.32643E-04,3.34216E-04,3.34950E-04
1.74142E-01,3.24073E-04,3.22819E-04,3.21630E-04,3.21541E-04,3.20849E-04,3.20651E-04,3.21056E-04,3.20672E-04,3.21063E-04,3.21486E-04,3.22562E-04,3.25280E-04,3.27735E-04,3.30211E-04,3.32336E-04,3.33922E-04,3.34629E-04
1.76127E-01,3.23972E-04,3.23042E-04,3.21850E-04,3.21384E-04,3.20974E-04,3.20840E-04,3.20773E-04,3.20935E-04,3.21111E-04,3.21715E-04,3.22424E-04,3.25251E-04,3.27485E-04,3.29862E-04,3.32194E-04,3.33749E-04,3.34649E-04
1.78150E-01,3.24220E-04,3.22902E-04,3.21796E-04,3.21074E-04,3.21197E-04,3.20900E-04,3.20923E-04,3.20850E-04,3.21331E-04,3.21678E-04,3.22093E-04,3.24960E-04,3.27130E-04,3.29929E-04,3.32419E-04,3.33940E-04,3.34941E-04
1.80173E-01,3.24171E-04,3.22651E-04,3.21454E-04,3.21202E-04,3.20996E-04,3.20626E-04,3.21107E-04,3.20556E-04,3.21135E-04,3.21320E-04,3.22095E-04,3.24863E-04,3.27197E-04,3.30211E-04,3.32404E-04,3.33912E-04,3.34934E-04
1.82155E-01,3.23837E-04,3.22754E-04,3.21372E-04,3.21390E-04,3.20699E-04,3.20490E-04,3.20850E-04,3.20526E-04,3.20771E-04,3.21158E-04,3.22355E-04,3.25090E-04,3.27354E-04,3.30068E-04,3.32086E-04,3.33589E-04,3.34670E-04
1.84146E-01,3.23710E-04,3.23021E-04,3.21590E-04,3.21209E-04,3.20847E-04,3.20703E-04,3.20525E-04,3.20766E-04,3.20721E-04,3.21363E-04,3.22196E-04,3.25069E-04,3.27142E-04,3.29762E-04,3.31953E-04,3.33335E-04,3.34682E-04
1.86171E-01,3.23877E-04,3.22860E-04,3.21492E-04,3.20869E-04,3.21053E-04,3.20774E-04,3.20614E-04,3.20695E-04,3.20905E-04,3.21282E-04,3.21873E-04,3.24773E-04,3.26820E-04,3.29855E-04,3.32186E-04,3.33480E-04,3.34988E-04
1.88170E-01,3.23803E-04,3.22563E-04,3.21139E-04,3.20899E-04,3.20857E-04,3.20464E-04,3.20734E-04,3.20326E-04,3.20701E-04,3.20916E-04,3.21863E-04,3.24669E-04,3.26934E-04,3.30123E-04,3.32204E-04,3.33505E-04,3.34970E-04
1.90168E-01,3.23463E-04,3.22647E-04,3.21069E-04,3.21111E-04,3.20531E-04,3.20357E-04,3.20445E-04,3.20277E-04,3.20302E-04,3.20781E-04,3.22071E-04,3.24879E-04,3.27137E-04,3.29975E-04,3.31926E-04,3.33233E-04,3.34712E-04
1.92139E-01,3.23353E-04,3.22843E-04,3.21232E-04,3.20892E-04,3.20657E-04,3.20586E-04,3.20120E-04,3.20484E-04,3.20287E-04,3.20994E-04,3.21920E-04,3.24829E-04,3.26975E-04,3.29670E-04,3.31811E-04,3.33045E-04,3.34705E-04
1.94177E-01,3.23532E-04,3.22623E-04,3.21172E-04,3.20510E-04,3.20820E-04,3.20591E-04,3.20223E-04,3.20362E-04,3.20483E-04,3.20932E-04,3.21570E-04,3.24508E-04,3.26661E-04,3.29707E-04,3.32025E-04,3.33290E-04,3.34983E-04
1.96207E-01,3.23475E-04,3.22233E-04,3.20835E-04,3.20556E-04,3.20572E-04,3.20286E-04,3.20372E-04,3.20022E-04,3.20371E-04,3.20640E-04,3.21566E-04,3.24384E-04,3.26796E-04,3.29945E-04,3.32075E-04,3.33436E-04,3.34960E-04
1.98179E-01,3.23217E-04,3.22253E-04,3.20770E-04,3.20781E-04,3.20246E-04,3.20113E-04,3.20141E-04,3.19935E-04,3.20067E-04,3.20530E-04,3.21801E-04,3.24576E-04,3.27020E-04,3.29760E-04,3.31790E-04,3.33272E-04,3.34678E-04
2.00150E-01,3.23112E-04,3.22384E-04,3.20980E-04,3.20602E-04,3.20312E-04,3.20327E-04,3.19844E-04,3.20146E-04,3.20112E-04,3.20801E-04,3.21678E-04,3.24549E-04,3.26805E-04,3.29367E-04,3.31667E-04,3.33195E-04,3.34644E-04
2.02182E-01,3.23359E-04,3.22169E-04,3.20907E-04,3.20255E-04,3.20527E-04,3.20293E-04,3.20000E-04,3.20056E-04,3.20404E-04,3.20781E-04,3.21297E-04,3.24219E-04,3.26519E-04,3.29380E-04,3.31894E-04,3.33486E-04,3.34913E-04
2.04198E-01,3.23370E-04,3.21765E-04,3.20627E-04,3.20320E-04,3.20253E-04,3.19966E-04,3.20202E-04,3.19736E-04,3.20337E-04,3.20550E-04,3.21354E-04,3.24086E-04,3.26636E-04,3.29597E-04,3.31946E-04,3.33662E-04,3.34869E-04
2.06174E-01,3.23075E-04,3.21813E-04,3.20546E-04,3.20554E-04,3.19925E-04,3.19778E-04,3.20024E-04,3.19715E-04,3.20048E-04,3.20456E-04,3.21578E-04,3.24312E-04,3.26841E-04,3.29423E-04,3.31632E-04,3.33440E-04,3.34573E-04
2.08165E-01,3.22998E-04,3.22015E-04,3.20772E-04,3.20420E-04,3.20044E-04,3.19940E-04,3.19767E-04,3.19930E-04,3.20082E-04,3.20685E-04,3.21473E-04,3.24283E-04,3.26634E-04,3.29026E-04,3.31524E-04,3.33309E-04,3.34549E-04
2.10191E-01,3.23254E-04,3.21824E-04,3.20734E-04,3.20116E-04,3.20263E-04,3.19956E-04,3.19956E-04,3.19884E-04,3.20395E-04,3.20713E-04,3.21160E-04,3.24010E-04,3.26305E-04,3.29049E-04,3.31737E-04,3.33563E-04,3.34798E-04
2.12199E-01,3.23252E-04,3.21512E-04,3.20425E-04,3.20245E-04,3.20070E-04,3.19653E-04,3.20178E-04,3.19615E-04,3.20273E-04,3.20423E-04,3.21204E-04,3.23896E-04,3.26381E-04,3.29314E-04,3.31725E-04,3.33590E-04,3.34794E-04
2.14175E-01,3.22949E-04,3.21632E-04,3.20335E-04,3.20471E-04,3.19794E-04,3.19515E-04,3.19983E-04,3.19601E-04,3.19926E-04,3.20277E-04,3.21466E-04,3.24146E-04,3.26569E-04,3.29147E-04,3.31430E-04,3.33278E-04,3.34513E-04
2.16165E-01,3.22830E-04,3.21893E-04,3.20555E-04,3.20339E-04,3.19938E-04,3.19738E-04,3.19694E-04,3.19858E-04,3.19957E-04,3.20504E-04,3.21351E-04,3.24166E-04,3.26299E-04,3.28836E-04,3.31291E-04,3.33057E-04,3.34494E-04
2.18184E-01,3.23047E-04,3.21753E-04,3.20496E-04,3.20004E-04,3.20184E-04,3.19772E-04,3.19806E-04,3.19790E-04,3.20139E-04,3.20476E-04,3.21033E-04,3.23883E-04,3.26003E-04,3.28950E-04,3.31503E-04,3.33190E-04,3.34805E-04
2.20209E-01,3.22983E-04,3.21468E-04,3.20151E-04,3.20053E-04,3.19996E-04,3.19528E-04,3.19965E-04,3.19481E-04,3.19951E-04,3.20112E-04,3.21046E-04,3.23799E-04,3.26092E-04,3.29226E-04,3.31528E-04,3.33194E-04,3.34792E-04
2.22201E-01,3.22671E-04,3.21592E-04,3.20081E-04,3.20276E-04,3.19693E-04,3.19433E-04,3.19716E-04,3.19457E-04,3.19588E-04,3.20014E-04,3.21322E-04,3.24017E-04,3.26301E-04,3.29113E-04,3.31252E-04,3.32886E-04,3.34537E-04
2.24177E-01,3.22537E-04,3.21822E-04,3.20296E-04,3.20078E-04,3.19851E-04,3.19720E-04,3.19383E-04,3.19687E-04,3.19545E-04,3.20237E-04,3.21172E-04,3.24059E-04,3.26120E-04,3.28825E-04,3.31142E-04,3.32653E-04,3.34533E-04
2.26197E-01,3.22732E-04,3.21612E-04,3.20221E-04,3.19740E-04,3.20036E-04,3.19764E-04,3.19456E-04,3.19585E-04,3.19751E-04,3.20185E-04,3.20829E-04,3.23757E-04,3.25806E-04,3.28902E-04,3.31347E-04,3.32843E-04,3.34797E-04
2.28233E-01,3.22693E-04,3.21312E-04,3.19904E-04,3.19808E-04,3.19815E-04,3.19520E-04,3.19618E-04,3.19256E-04,3.19586E-04,3.19864E-04,3.20861E-04,3.23641E-04,3.25922E-04,3.29235E-04,3.31397E-04,3.32943E-04,3.34774E-04
2.30199E-01,3.22395E-04,3.21360E-04,3.19842E-04,3.19985E-04,3.19521E-04,3.19395E-04,3.19365E-04,3.19212E-04,3.19247E-04,3.19795E-04,3.21100E-04,3.23858E-04,3.26197E-04,3.29098E-04,3.31127E-04,3.32747E-04,3.34524E-04
2.32174E-01,3.22265E-04,3.21530E-04,3.20057E-04,3.19781E-04,3.19626E-04,3.19623E-04,3.19042E-04,3.19433E-04,3.19267E-04,3.20028E-04,3.20983E-04,3.23867E-04,3.26058E-04,3.28752E-04,3.31023E-04,3.32606E-04,3.34513E-04
2.34206E-01,3.22483E-04,3.21283E-04,3.20022E-04,3.19453E-04,3.19763E-04,3.19638E-04,3.19190E-04,3.19345E-04,3.19593E-04,3.20010E-04,3.20649E-04,3.23567E-04,3.25776E-04,3.28818E-04,3.31280E-04,3.32893E-04,3.34793E-04
2.36229E-01,3.22469E-04,3.20912E-04,3.19735E-04,3.19528E-04,3.19548E-04,3.19315E-04,3.19422E-04,3.18997E-04,3.19483E-04,3.19742E-04,3.20693E-04,3.23435E-04,3.25951E-04,3.29072E-04,3.31306E-04,3.33060E-04,3.34754E-04
2.38200E-01,3.22213E-04,3.20971E-04,3.19671E-04,3.19771E-04,3.19224E-04,3.19151E-04,3.19248E-04,3.18995E-04,3.19228E-04,3.19682E-04,3.20943E-04,3.23679E-04,3.26211E-04,3.28882E-04,3.31064E-04,3.32863E-04,3.34468E-04
2.40166E-01,3.22121E-04,3.21143E-04,3.19928E-04,3.19626E-04,3.19353E-04,3.19327E-04,3.18976E-04,3.19257E-04,3.19322E-04,3.19954E-04,3.20833E-04,3.23686E-04,3.26033E-04,3.28512E-04,3.30961E-04,3.32780E-04,3.34433E-04
2.42209E-01,3.22390E-04,3.20944E-04,3.19915E-04,3.19337E-04,3.19533E-04,3.19297E-04,3.19206E-04,3.19198E-04,3.19652E-04,3.19977E-04,3.20542E-04,3.23378E-04,3.25781E-04,3.28536E-04,3.31204E-04,3.33035E-04,3.34698E-04
2.44226E-01,3.22418E-04,3.20634E-04,3.19633E-04,3.19456E-04,3.19353E-04,3.18961E-04,3.19481E-04,3.18936E-04,3.19587E-04,3.19710E-04,3.20596E-04,3.23325E-04,3.25897E-04,3.28820E-04,3.31205E-04,3.33166E-04,3.34663E-04
2.46202E-01,3.22149E-04,3.20716E-04,3.19558E-04,3.19715E-04,3.19075E-04,3.18817E-04,3.19287E-04,3.18917E-04,3.19305E-04,3.19668E-04,3.20870E-04,3.23550E-04,3.26113E-04,3.28629E-04,3.30917E-04,3.32909E-04,3.34363E-04
2.48174E-01,3.22071E-04,3.20974E-04,3.19808E-04,3.19581E-04,3.19226E-04,3.19041E-04,3.19026E-04,3.19202E-04,3.19358E-04,3.19917E-04,3.20771E-04,3.23579E-04,3.25905E-04,3.28291E-04,3.30814E-04,3.32754E-04,3.34365E-04
2.50199E-01,3.22309E-04,3.20853E-04,3.19788E-04,3.19290E-04,3.19493E-04,3.19067E-04,3.19216E-04,3.19140E-04,3.19630E-04,3.19918E-04,3.20496E-04,3.23331E-04,3.25585E-04,3.28376E-04,3.31035E-04,3.32937E-04,3.34665E-04
2.52232E-01,3.22351E-04,3.20611E-04,3.19495E-04,3.19383E-04,3.19307E-04,3.18797E-04,3.19425E-04,3.18872E-04,3.19452E-04,3.19628E-04,3.20541E-04,3.23260E-04,3.25708E-04,3.28663E-04,3.31074E-04,3.32945E-04,3.34639E-04
2.54178E-01,3.22073E-04,3.20747E-04,3.19403E-04,3.19635E-04,3.19047E-04,3.18731E-04,3.19171E-04,3.18852E-04,3.19111E-04,3.19510E-04,3.20791E-04,3.23510E-04,3.25892E-04,3.28550E-04,3.30765E-04,3.32632E-04,3.34352E-04
2.56177E-01,3.21968E-04,3.21011E-04,3.19636E-04,3.19470E-04,3.19235E-04,3.19007E-04,3.18885E-04,3.19098E-04,3.19102E-04,3.19735E-04,3.20680E-04,3.23560E-04,3.25681E-04,3.28257E-04,3.30657E-04,3.32421E-04,3.34373E-04
2.58215E-01,3.22191E-04,3.20881E-04,3.19578E-04,3.19140E-04,3.19440E-04,3.19095E-04,3.18993E-04,3.19033E-04,3.19295E-04,3.19717E-04,3.20397E-04,3.23297E-04,3.25356E-04,3.28377E-04,3.30866E-04,3.32541E-04,3.34655E-04
2.60218E-01,3.22174E-04,3.20587E-04,3.19292E-04,3.19201E-04,3.19252E-04,3.18881E-04,3.19096E-04,3.18736E-04,3.19126E-04,3.19404E-04,3.20409E-04,3.23228E-04,3.25483E-04,3.28702E-04,3.30920E-04,3.32599E-04,3.34634E-04
2.62179E-01,3.21884E-04,3.20687E-04,3.19224E-04,3.19412E-04,3.18966E-04,3.18827E-04,3.18847E-04,3.18704E-04,3.18788E-04,3.19305E-04,3.20666E-04,3.23485E-04,3.25717E-04,3.28624E-04,3.30663E-04,3.32297E-04,3.34368E-04
2.64177E-01,3.21769E-04,3.20885E-04,3.19455E-04,3.19233E-04,3.19076E-04,3.19122E-04,3.18529E-04,3.18921E-04,3.18779E-04,3.19538E-04,3.20547E-04,3.23468E-04,3.25549E-04,3.28335E-04,3.30576E-04,3.32135E-04,3.34369E-04
2.66203E-01,3.21994E-04,3.20690E-04,3.19443E-04,3.18904E-04,3.19257E-04,3.19124E-04,3.18643E-04,3.18838E-04,3.19012E-04,3.19524E-04,3.20246E-04,3.23165E-04,3.25280E-04,3.28447E-04,3.30838E-04,3.32382E-04,3.34620E-04
2.68211E-01,3.21995E-04,3.20324E-04,3.19165E-04,3.18996E-04,3.19018E-04,3.18860E-04,3.18823E-04,3.18528E-04,3.18931E-04,3.19248E-04,3.20281E-04,3.23094E-04,3.25481E-04,3.28742E-04,3.30872E-04,3.32525E-04,3.34613E-04
2.70197E-01,3.21699E-04,3.20408E-04,3.19120E-04,3.19205E-04,3.18723E-04,3.18732E-04,3.18611E-04,3.18502E-04,3.18656E-04,3.19174E-04,3.20543E-04,3.23321E-04,3.25759E-04,3.28598E-04,3.30642E-04,3.32330E-04,3.34362E-04
2.72185E-01,3.21616E-04,3.20620E-04,3.19365E-04,3.19045E-04,3.18844E-04,3.18923E-04,3.18422E-04,3.18779E-04,3.18707E-04,3.19438E-04,3.20429E-04,3.23361E-04,3.25630E-04,3.28251E-04,3.30569E-04,3.32256E-04,3.34360E-04
2.74207E-01,3.21865E-04,3.20407E-04,3.19361E-04,3.18763E-04,3.19018E-04,3.18875E-04,3.18581E-04,3.18689E-04,3.19056E-04,3.19461E-04,3.20155E-04,3.23071E-04,3.25413E-04,3.28325E-04,3.30826E-04,3.32556E-04,3.34622E-04
2.76222E-01,3.21899E-04,3.20078E-04,3.19087E-04,3.18881E-04,3.18816E-04,3.18525E-04,3.18857E-04,3.18441E-04,3.19004E-04,3.19223E-04,3.20241E-04,3.22971E-04,3.25592E-04,3.28594E-04,3.30877E-04,3.32735E-04,3.34595E-04
2.78198E-01,3.21648E-04,3.20186E-04,3.19041E-04,3.19124E-04,3.18533E-04,3.18381E-04,3.18736E-04,3.18435E-04,3.18782E-04,3.19180E-04,3.20500E-04,3.23229E-04,3.25889E-04,3.28404E-04,3.30616E-04,3.32512E-04,3.34315E-04
2.80171E-01,3.21606E-04,3.20420E-04,3.19311E-04,3.19008E-04,3.18707E-04,3.18548E-04,3.18535E-04,3.18732E-04,3.18887E-04,3.19477E-04,3.20420E-04,3.23290E-04,3.25717E-04,3.28040E-04,3.30505E-04,3.32399E-04,3.34338E-04
2.82200E-01,3.21890E-04,3.20291E-04,3.19310E-04,3.18729E-04,3.18955E-04,3.18565E-04,3.18739E-04,3.18684E-04,3.19197E-04,3.19501E-04,3.20141E-04,3.23042E-04,3.25473E-04,3.28128E-04,3.30764E-04,3.32612E-04,3.34613E-04
2.84220E-01,3.21948E-04,3.20036E-04,3.19022E-04,3.18872E-04,3.18765E-04,3.18283E-04,3.19001E-04,3.18403E-04,3.19115E-04,3.19254E-04,3.20216E-04,3.22962E-04,3.25561E-04,3.28379E-04,3.30776E-04,3.32723E-04,3.34570E-04
2.86176E-01,3.21666E-04,3.20137E-04,3.18903E-04,3.19097E-04,3.18498E-04,3.18161E-04,3.18793E-04,3.18374E-04,3.18775E-04,3.19127E-04,3.20422E-04,3.23210E-04,3.25770E-04,3.28207E-04,3.30441E-04,3.32395E-04,3.34276E-04
2.88174E-01,3.21639E-04,3.20403E-04,3.19181E-04,3.18961E-04,3.18719E-04,3.18478E-04,3.18496E-04,3.18641E-04,3.18793E-04,3.19427E-04,3.20366E-04,3.23265E-04,3.25569E-04,3.27931E-04,3.30358E-04,3.32237E-04,3.34302E-04
2.90185E-01,3.21903E-04,3.20297E-04,3.19155E-04,3.18661E-04,3.18950E-04,3.18558E-04,3.18634E-04,3.18583E-04,3.19013E-04,3.19393E-04,3.20076E-04,3.23021E-04,3.25223E-04,3.28036E-04,3.30591E-04,3.32406E-04,3.34558E-04
2.92221E-01,3.21926E-04,3.20058E-04,3.18844E-04,3.18739E-04,3.18769E-04,3.18374E-04,3.18796E-04,3.18306E-04,3.18882E-04,3.19121E-04,3.20110E-04,3.22975E-04,3.25318E-04,3.28360E-04,3.30603E-04,3.32405E-04,3.34560E-04
2.94200E-01,3.21694E-04,3.20192E-04,3.18804E-04,3.18994E-04,3.18525E-04,3.18351E-04,3.18518E-04,3.18309E-04,3.18504E-04,3.19055E-04,3.20404E-04,3.23234E-04,3.25528E-04,3.28308E-04,3.30376E-04,3.32124E-04,3.34329E-04
2.96192E-01,3.21612E-04,3.20443E-04,3.19071E-04,3.18824E-04,3.18677E-04,3.18676E-04,3.18186E-04,3.18556E-04,3.18499E-04,3.19290E-04,3.20314E-04,3.23259E-04,3.25327E-04,3.28054E-04,3.30278E-04,3.31978E-04,3.34315E-04
2.98206E-01,3.21848E-04,3.20285E-04,3.19072E-04,3.18499E-04,3.18882E-04,3.18717E-04,3.18289E-04,3.18479E-04,3.18717E-04,3.19285E-04,3.20003E-04,3.23002E-04,3.25041E-04,3.28179E-04,3.30539E-04,3.32151E-04,3.34598E-04
3.00239E-01,3.21853E-04,3.20001E-04,3.18805E-04,3.18619E-04,3.18668E-04,3.18466E-04,3.18455E-04,3.18206E-04,3.18604E-04,3.18972E-04,3.20072E-04,3.22949E-04,3.25213E-04,3.28519E-04,3.30602E-04,3.32221E-04,3.34608E-04
3.02200E-01,3.21593E-04,3.20062E-04,3.18759E-04,3.18862E-04,3.18396E-04,3.18387E-04,3.18226E-04,3.18207E-04,3.18289E-04,3.18893E-04,3.20361E-04,3.23219E-04,3.25482E-04,3.28456E-04,3.30398E-04,3.32000E-04,3.34357E-04
3.04169E-01,3.21476E-04,3.20277E-04,3.19021E-04,3.18669E-04,3.18519E-04,3.18596E-04,3.17945E-04,3.18439E-04,3.18332E-04,3.19158E-04,3.20215E-04,3.23199E-04,3.25356E-04,3.28137E-04,3.30321E-04,3.31897E-04,3.34360E-04
3.06201E-01,3.21743E-04,3.20112E-04,3.19056E-04,3.18369E-04,3.18682E-04,3.18582E-04,3.18168E-04,3.18383E-04,3.18654E-04,3.19198E-04,3.19952E-04,3.22953E-04,3.25163E-04,3.28245E-04,3.30607E-04,3.32191E-04,3.34646E-04
3.08222E-01,3.21788E-04,3.19796E-04,3.18802E-04,3.18487E-04,3.18466E-04,3.18254E-04,3.18404E-04,3.18128E-04,3.18578E-04,3.18925E-04,3.20032E-04,3.22874E-04,3.25389E-04,3.28548E-04,3.30677E-04,3.32324E-04,3.34621E-04
3.10186E-01,3.21521E-04,3.19880E-04,3.18759E-04,3.18751E-04,3.18189E-04,3.18092E-04,3.18261E-04,3.18156E-04,3.18367E-04,3.18863E-04,3.20300E-04,3.23127E-04,3.25700E-04,3.28371E-04,3.30438E-04,3.32147E-04,3.34378E-04
3.12152E-01,3.21512E-04,3.20127E-04,3.19032E-04,3.18613E-04,3.18368E-04,3.18332E-04,3.18117E-04,3.18427E-04,3.18489E-04,3.19170E-04,3.20233E-04,3.23157E-04,3.25603E-04,3.28038E-04,3.30387E-04,3.32113E-04,3.34371E-04
3.14182E-01,3.21848E-04,3.19971E-04,3.19022E-04,3.18353E-04,3.18589E-04,3.18265E-04,3.18395E-04,3.18376E-04,3.18845E-04,3.19230E-04,3.19980E-04,3.22927E-04,3.25382E-04,3.28093E-04,3.30659E-04,3.32419E-04,3.34694E-04
3.16201E-01,3.21896E-04,3.19712E-04,3.18785E-04,3.18496E-04,3.18406E-04,3.17957E-04,3.18665E-04,3.18128E-04,3.18832E-04,3.18983E-04,3.20053E-04,3.22852E-04,3.25598E-04,3.28368E-04,3.30689E-04,3.32563E-04,3.34660E-04
3.18169E-01,3.21733E-04,3.19841E-04,3.18711E-04,3.18773E-04,3.18196E-04,3.17921E-04,3.18515E-04,3.18137E-04,3.18575E-04,3.18962E-04,3.20355E-04,3.23179E-04,3.25849E-04,3.28234E-04,3.30425E-04,3.32361E-04,3.34409E-04
3.20153E-01,3.21709E-04,3.20164E-04,3.19003E-04,3.18644E-04,3.18414E-04,3.18199E-04,3.18319E-04,3.18439E-04,3.18666E-04,3.19278E-04,3.20271E-04,3.23251E-04,3.25720E-04,3.27923E-04,3.30339E-04,3.32247E-04,3.34412E-04
3.22188E-01,3.22042E-04,3.20053E-04,3.18985E-04,3.18389E-04,3.18655E-04,3.18248E-04,3.18476E-04,3.18364E-04,3.18946E-04,3.19288E-04,3.20050E-04,3.23000E-04,3.25408E-04,3.28009E-04,3.30589E-04,3.32470E-04,3.34690E-04
3.24212E-01,3.22132E-04,3.19805E-04,3.18726E-04,3.18518E-04,3.18505E-04,3.18074E-04,3.18682E-04,3.18117E-04,3.18850E-04,3.19042E-04,3.20120E-04,3.22970E-04,3.25532E-04,3.28315E-04,3.30626E-04,3.32531E-04,3.34677E-04
3.26187E-01,3.21925E-04,3.19994E-04,3.18701E-04,3.18783E-04,3.18285E-04,3.18102E-04,3.18466E-04,3.18157E-04,3.18521E-04,3.19011E-04,3.20397E-04,3.23275E-04,3.25720E-04,3.28246E-04,3.30372E-04,3.32265E-04,3.34420E-04
3.28155E-01,3.21868E-04,3.20286E-04,3.18953E-04,3.18656E-04,3.18488E-04,3.18414E-04,3.18175E-04,3.18407E-04,3.18499E-04,3.19284E-04,3.20316E-04,3.23349E-04,3.25498E-04,3.27988E-04,3.30294E-04,3.32101E-04,3.34448E-04
3.30181E-01,3.22149E-04,3.20170E-04,3.18972E-04,3.18344E-04,3.18718E-04,3.18528E-04,3.18277E-04,3.18373E-04,3.18755E-04,3.19294E-04,3.20055E-04,3.23130E-04,3.25183E-04,3.28151E-04,3.30567E-04,3.32282E-04,3.34759E-04
3.32205E-01,3.22172E-04,3.19936E-04,3.18714E-04,3.18467E-04,3.18539E-04,3.18293E-04,3.18427E-04,3.18095E-04,3.18611E-04,3.19015E-04,3.20133E-04,3.23065E-04,3.25316E-04,3.28519E-04,3.30628E-04,3.32323E-04,3.34772E-04
3.34180E-01,3.21916E-04,3.20049E-04,3.18714E-04,3.18726E-04,3.18275E-04,3.18265E-04,3.18161E-04,3.18119E-04,3.18281E-04,3.18967E-04,3.20439E-04,3.23342E-04,3.25547E-04,3.28483E-04,3.30379E-04,3.32073E-04,3.34514E-04
3.36166E-01,3.21855E-04,3.20289E-04,3.19023E-04,3.18565E-04,3.18434E-04,3.18532E-04,3.17909E-04,3.18416E-04,3.18295E-04,3.19236E-04,3.20350E-04,3.23393E-04,3.25381E-04,3.28226E-04,3.30363E-04,3.31936E-04,3.34550E-04
3.38199E-01,3.22124E-04,3.20181E-04,3.19051E-04,3.18292E-04,3.18639E-04,3.18534E-04,3.18026E-04,3.18367E-04,3.18603E-04,3.19238E-04,3.20088E-04,3.23145E-04,3.25188E-04,3.28372E-04,3.30669E-04,3.32197E-04,3.34871E-04
3.40212E-01,3.22192E-04,3.19905E-04,3.18849E-04,3.18411E-04,3.18431E-04,3.18212E-04,3.18263E-04,3.18107E-04,3.18529E-04,3.18963E-04,3.20166E-04,3.23085E-04,3.25400E-04,3.28727E-04,3.30735E-04,3.32337E-04,3.34857E-04
3.42198E-01,3.21950E-04,3.19977E-04,3.18827E-04,3.18669E-04,3.18162E-04,3.18093E-04,3.18122E-04,3.18155E-04,3.18302E-04,3.18935E-04,3.20469E-04,3.23361E-04,3.25755E-04,3.28625E-04,3.30522E-04,3.32151E-04,3.34607E-04
3.44160E-01,3.21942E-04,3.20241E-04,3.19130E-04,3.18543E-04,3.18337E-04,3.18316E-04,3.17939E-04,3.18449E-04,3.18405E-04,3.19224E-04,3.20431E-04,3.23418E-04,3.25676E-04,3.28285E-04,3.30507E-04,3.32130E-04,3.34670E-04
3.46193E-01,3.22265E-04,3.20116E-04,3.19174E-04,3.18283E-04,3.18547E-04,3.18289E-04,3.18154E-04,3.18412E-04,3.18776E-04,3.19298E-04,3.20125E-04,3.23175E-04,3.25533E-04,3.28380E-04,3.30795E-04,3.32439E-04,3.34973E-04
3.48229E-01,3.22421E-04,3.19846E-04,3.18934E-04,3.18428E-04,3.18372E-04,3.18016E-04,3.18521E-04,3.18157E-04,3.18789E-04,3.19050E-04,3.20243E-04,3.23117E-04,3.25808E-04,3.28688E-04,3.30879E-04,3.32642E-04,3.34995E-04
3.50187E-01,3.22258E-04,3.19980E-04,3.18914E-04,3.18708E-04,3.18171E-04,3.17916E-04,3.18449E-04,3.18188E-04,3.18574E-04,3.19045E-04,3.20565E-04,3.23427E-04,3.26135E-04,3.28531E-04,3.30668E-04,3.32487E-04,3.34749E-04
3.52182E-01,3.22283E-04,3.20285E-04,3.19187E-04,3.18607E-04,3.18377E-04,3.18203E-04,3.18299E-04,3.18488E-04,3.18708E-04,3.19403E-04,3.20524E-04,3.23510E-04,3.26039E-04,3.28224E-04,3.30607E-04,3.32450E-04,3.34763E-04
3.54196E-01,3.22653E-04,3.20213E-04,3.19248E-04,3.18382E-04,3.18632E-04,3.18309E-04,3.18571E-04,3.18457E-04,3.19074E-04,3.19503E-04,3.20299E-04,3.23309E-04,3.25840E-04,3.28308E-04,3.30901E-04,3.32765E-04,3.35101E-04
3.56216E-01,3.22797E-04,3.20011E-04,3.18982E-04,3.18499E-04,3.18502E-04,3.18103E-04,3.18828E-04,3.18214E-04,3.19030E-04,3.19257E-04,3.20359E-04,3.23274E-04,3.25997E-04,3.28585E-04,3.30925E-04,3.32910E-04,3.35111E-04
3.58197E-01,3.22647E-04,3.20184E-04,3.18964E-04,3.18822E-04,3.18298E-04,3.18121E-04,3.18676E-04,3.18271E-04,3.18779E-04,3.19280E-04,3.20713E-04,3.23597E-04,3.26242E-04,3.28477E-04,3.30669E-04,3.32665E-04,3.34852E-04
3.60171E-01,3.22649E-04,3.20520E-04,3.19265E-04,3.18684E-04,3.18539E-04,3.18486E-04,3.18435E-04,3.18563E-04,3.18833E-04,3.19592E-04,3.20675E-04,3.23709E-04,3.26018E-04,3.28226E-04,3.30617E-04,3.32546E-04,3.34884E-04
3.62209E-01,3.22971E-04,3.20454E-04,3.19316E-04,3.18456E-04,3.18791E-04,3.18607E-04,3.18574E-04,3.18553E-04,3.19112E-04,3.19644E-04,3.20429E-04,3.23481E-04,3.25719E-04,3.28398E-04,3.30899E-04,3.32784E-04,3.35239E-04
3.64218E-01,3.23055E-04,3.20264E-04,3.19096E-04,3.18616E-04,3.18642E-04,3.18387E-04,3.18752E-04,3.18306E-04,3.18996E-04,3.19405E-04,3.20542E-04,3.23498E-04,3.25838E-04,3.28763E-04,3.30960E-04,3.32845E-04,3.35235E-04
3.66186E-01,3.22819E-04,3.20434E-04,3.19085E-04,3.18871E-04,3.18425E-04,3.18403E-04,3.18509E-04,3.18378E-04,3.18658E-04,3.19365E-04,3.20869E-04,3.23808E-04,3.26020E-04,3.28714E-04,3.30712E-04,3.32559E-04,3.34983E-04
3.68167E-01,3.22788E-04,3.20769E-04,3.19400E-04,3.18748E-04,3.18641E-04,3.18743E-04,3.18206E-04,3.18683E-04,3.18709E-04,3.19655E-04,3.20804E-04,3.23884E-04,3.25833E-04,3.28536E-04,3.30681E-04,3.32431E-04,3.35041E-04
3.70205E-01,3.23045E-04,3.20691E-04,3.19510E-04,3.18506E-04,3.18879E-04,3.18752E-04,3.18368E-04,3.18687E-04,3.18991E-04,3.19716E-04,3.20584E-04,3.23679E-04,3.25565E-04,3.28682E-04,3.31017E-04,3.32670E-04,3.35377E-04
3.72223E-01,3.23147E-04,3.20433E-04,3.19262E-04,3.18647E-04,3.18679E-04,3.18455E-04,3.18572E-04,3.18432E-04,3.18876E-04,3.19461E-04,3.20695E-04,3.23640E-04,3.25743E-04,3.29072E-04,3.31071E-04,3.32757E-04,3.35399E-04
3.74211E-01,3.22912E-04,3.20595E-04,3.19313E-04,3.18935E-04,3.18467E-04,3.18359E-04,3.18325E-04,3.18506E-04,3.18637E-04,3.19431E-04,3.21026E-04,3.23933E-04,3.26059E-04,3.29022E-04,3.30879E-04,3.32559E-04,3.35203E-04
3.76187E-01,3.22888E-04,3.20873E-04,3.19656E-04,3.18812E-04,3.18659E-04,3.18635E-04,3.18166E-04,3.18826E-04,3.18767E-04,3.19764E-04,3.20966E-04,3.23996E-04,3.25998E-04,3.28795E-04,3.30902E-04,3.32505E-04,3.35291E-04
3.78211E-01,3.23230E-04,3.20769E-04,3.19765E-04,3.18553E-04,3.18876E-04,3.18615E-04,3.18422E-04,3.18824E-04,3.19130E-04,3.19812E-04,3.20743E-04,3.23770E-04,3.25875E-04,3.28922E-04,3.31247E-04,3.32809E-04,3.35649E-04
3.80233E-01,3.23358E-04,3.20483E-04,3.19530E-04,3.18712E-04,3.18678E-04,3.18322E-04,3.18726E-04,3.18583E-04,3.19145E-04,3.19593E-04,3.20867E-04,3.23728E-04,3.26142E-04,3.29244E-04,3.31361E-04,3.33004E-04,3.35647E-04
3.82212E-01,3.23224E-04,3.20657E-04,3.19577E-04,3.19016E-04,3.18509E-04,3.18307E-04,3.18646E-04,3.18651E-04,3.19003E-04,3.19603E-04,3.21218E-04,3.24063E-04,3.26591E-04,3.29135E-04,3.31144E-04,3.32901E-04,3.35447E-04
3.84196E-01,3.23292E-04,3.20994E-04,3.19927E-04,3.18918E-04,3.18737E-04,3.18622E-04,3.18557E-04,3.18991E-04,3.19172E-04,3.19973E-04,3.21194E-04,3.24153E-04,3.26545E-04,3.28818E-04,3.31154E-04,3.32892E-04,3.35543E-04
3.86219E-01,3.23684E-04,3.20929E-04,3.20006E-04,3.18684E-04,3.19010E-04,3.18683E-04,3.18883E-04,3.18957E-04,3.19581E-04,3.20088E-04,3.20982E-04,3.23937E-04,3.26420E-04,3.28928E-04,3.31472E-04,3.33281E-04,3.35897E-04
3.88229E-01,3.23869E-04,3.20706E-04,3.19804E-04,3.18873E-04,3.18882E-04,3.18501E-04,3.19226E-04,3.18718E-04,3.19591E-04,3.19912E-04,3.21105E-04,3.23946E-04,3.26666E-04,3.29228E-04,3.31554E-04,3.33502E-04,3.35894E-04
3.90208E-01,3.23812E-04,3.20979E-04,3.19856E-04,3.19262E-04,3.18748E-04,3.18602E-04,3.19187E-04,3.18863E-04,3.19437E-04,3.20002E-04,3.21524E-04,3.24340E-04,3.27056E-04,3.29180E-04,3.31380E-04,3.33405E-04,3.35724E-04
3.92178E-01,3.23858E-04,3.21349E-04,3.20188E-04,3.19154E-04,3.19007E-04,3.19005E-04,3.19042E-04,3.19213E-04,3.19586E-04,3.20373E-04,3.21496E-04,3.24451E-04,3.26882E-04,3.28895E-04,3.31336E-04,3.33355E-04,3.35800E-04
3.94199E-01,3.24252E-04,3.21342E-04,3.20285E-04,3.18948E-04,3.19295E-04,3.19115E-04,3.19277E-04,3.19212E-04,3.19931E-04,3.20475E-04,3.21305E-04,3.24290E-04,3.26608E-04,3.29023E-04,3.31637E-04,3.33665E-04,3.36171E-04
3.96233E-01,3.24380E-04,3.21194E-04,3.20121E-04,3.19145E-04,3.19198E-04,3.18976E-04,3.19552E-04,3.19018E-04,3.19888E-04,3.20296E-04,3.21479E-04,3.24334E-04,3.26762E-04,3.29404E-04,3.31713E-04,3.33788E-04,3.36183E-04
3.98213E-01,3.24239E-04,3.21408E-04,3.20123E-04,3.19467E-04,3.19037E-04,3.19036E-04,3.19371E-04,3.19108E-04,3.19632E-04,3.20329E-04,3.21844E-04,3.24675E-04,3.26975E-04,3.29365E-04,3.31468E-04,3.33559E-04,3.35986E-04
4.00184E-01,3.24213E-04,3.21810E-04,3.20463E-04,3.19381E-04,3.19290E-04,3.19375E-04,3.19136E-04,3.19472E-04,3.19710E-04,3.20689E-04,3.21831E-04,3.24796E-04,3.26751E-04,3.29182E-04,3.31438E-04,3.33438E-04,3.36062E-04
4.02203E-01,3.24527E-04,3.21785E-04,3.20600E-04,3.19175E-04,3.19561E-04,3.19457E-04,3.19296E-04,3.19517E-04,3.20010E-04,3.20771E-04,3.21662E-04,3.24629E-04,3.26468E-04,3.29398E-04,3.31786E-04,3.33673E-04,3.36434E-04
4.04236E-01,3.24626E-04,3.21625E-04,3.20455E-04,3.19402E-04,3.19441E-04,3.19266E-04,3.19551E-04,3.19317E-04,3.19993E-04,3.20590E-04,3.21795E-04,3.24639E-04,3.26661E-04,3.29818E-04,3.31897E-04,3.33786E-04,3.36498E-04
4.06212E-01,3.24383E-04,3.21800E-04,3.20479E-04,3.19677E-04,3.19257E-04,3.19215E-04,3.19340E-04,3.19438E-04,3.19703E-04,3.20611E-04,3.22150E-04,3.24943E-04,3.26885E-04,3.29803E-04,3.31697E-04,3.33533E-04,3.36277E-04
4.08183E-01,3.24403E-04,3.22163E-04,3.20875E-04,3.19610E-04,3.19500E-04,3.19531E-04,3.19118E-04,3.19812E-04,3.19825E-04,3.20974E-04,3.22181E-04,3.25039E-04,3.26775E-04,3.29624E-04,3.31734E-04,3.33462E-04,3.36403E-04
4.10233E-01,3.24741E-04,3.22093E-04,3.21026E-04,3.19386E-04,3.19753E-04,3.19544E-04,3.19352E-04,3.19862E-04,3.20210E-04,3.21075E-04,3.21955E-04,3.24839E-04,3.26618E-04,3.29818E-04,3.32107E-04,3.33793E-04,3.36797E-04
4.12242E-01,3.24838E-04,3.21864E-04,3.20863E-04,3.19585E-04,3.19597E-04,3.19292E-04,3.19618E-04,3.19655E-04,3.20214E-04,3.20857E-04,3.22130E-04,3.24810E-04,3.26905E-04,3.30143E-04,3.32239E-04,3.33964E-04,3.36840E-04
4.14217E-01,3.24722E-04,3.22042E-04,3.20941E-04,3.19923E-04,3.19436E-04,3.19291E-04,3.19521E-04,3.19803E-04,3.20087E-04,3.20905E-04,3.22499E-04,3.25162E-04,3.27340E-04,3.30138E-04,3.32082E-04,3.33869E-04,3.36695E-04
4.16203E-01,3.24773E-04,3.22385E-04,3.21342E-04,3.19851E-04,3.19728E-04,3.19640E-04,3.19442E-04,3.20182E-04,3.20296E-04,3.21290E-04,3.22508E-04,3.25256E-04,3.27336E-04,3.29885E-04,3.32150E-04,3.33908E-04,3.36818E-04
4.18204E-01,3.25170E-04,3.22324E-04,3.21494E-04,3.19617E-04,3.19991E-04,3.19721E-04,3.19803E-04,3.20163E-04,3.20755E-04,3.21441E-04,3.22312E-04,3.25073E-04,3.27271E-04,3.30015E-04,3.32499E-04,3.34302E-04,3.37192E-04
4.20235E-01,3.25390E-04,3.22149E-04,3.21365E-04,3.19871E-04,3.19895E-04,3.19586E-04,3.20187E-04,3.20017E-04,3.20837E-04,3.21301E-04,3.22493E-04,3.25098E-04,3.27626E-04,3.30358E-04,3.32660E-04,3.34546E-04,3.37263E-04
4.22200E-01,3.25336E-04,3.22353E-04,3.21410E-04,3.20232E-04,3.19776E-04,3.19666E-04,3.20212E-04,3.20136E-04,3.20742E-04,3.21369E-04,3.22920E-04,3.25485E-04,3.28030E-04,3.30284E-04,3.32474E-04,3.34482E-04,3.37060E-04
4.24184E-01,3.25398E-04,3.22769E-04,3.21816E-04,3.20167E-04,3.20089E-04,3.20111E-04,3.20136E-04,3.20527E-04,3.20929E-04,3.21802E-04,3.22934E-04,3.25622E-04,3.27974E-04,3.29977E-04,3.32509E-04,3.34511E-04,3.37168E-04
4.26244E-01,3.25851E-04,3.22798E-04,3.21970E-04,3.20006E-04,3.20425E-04,3.20285E-04,3.20533E-04,3.20554E-04,3.21385E-04,3.21994E-04,3.22761E-04,3.25496E-04,3.27829E-04,3.30145E-04,3.32850E-04,3.34904E-04,3.37569E-04
4.28261E-01,3.26062E-04,3.22681E-04,3.21809E-04,3.20293E-04,3.20367E-04,3.20175E-04,3.20884E-04,3.20431E-04,3.21440E-04,3.21831E-04,3.22944E-04,3.25556E-04,3.28051E-04,3.30511E-04,3.32944E-04,3.35097E-04,3.37625E-04
4.30227E-01,3.25932E-04,3.22938E-04,3.21836E-04,3.20654E-04,3.20261E-04,3.20276E-04,3.20817E-04,3.20559E-04,3.21245E-04,3.21899E-04,3.23372E-04,3.25942E-04,3.28326E-04,3.30457E-04,3.32741E-04,3.34961E-04,3.37442E-04
4.32210E-01,3.25963E-04,3.23404E-04,3.22263E-04,3.20604E-04,3.20605E-04,3.20730E-04,3.20713E-04,3.20984E-04,3.21400E-04,3.22342E-04,3.23402E-04,3.26093E-04,3.28133E-04,3.30245E-04,3.32713E-04,3.34890E-04,3.37553E-04
4.34235E-01,3.26335E-04,3.23434E-04,3.22407E-04,3.20484E-04,3.20950E-04,3.20850E-04,3.20970E-04,3.21067E-04,3.21774E-04,3.22493E-04,3.23262E-04,3.25980E-04,3.27879E-04,3.30478E-04,3.33109E-04,3.35170E-04,3.37945E-04
4.36263E-01,3.26465E-04,3.23317E-04,3.22258E-04,3.20761E-04,3.20870E-04,3.20690E-04,3.21273E-04,3.20904E-04,3.21751E-04,3.22340E-04,3.23464E-04,3.26006E-04,3.28053E-04,3.30924E-04,3.33220E-04,3.35300E-04,3.38015E-04
4.38234E-01,3.26261E-04,3.23537E-04,3.22300E-04,3.21119E-04,3.20730E-04,3.20739E-04,3.21116E-04,3.21076E-04,3.21513E-04,3.22379E-04,3.23868E-04,3.26391E-04,3.28267E-04,3.30955E-04,3.33007E-04,3.35090E-04,3.37836E-04
4.40201E-01,3.26260E-04,3.23991E-04,3.22724E-04,3.21076E-04,3.21082E-04,3.21122E-04,3.20897E-04,3.21500E-04,3.21651E-04,3.22784E-04,3.23889E-04,3.26511E-04,3.28133E-04,3.30804E-04,3.33072E-04,3.35048E-04,3.37946E-04
4.42233E-01,3.26609E-04,3.23976E-04,3.22888E-04,3.20903E-04,3.21395E-04,3.21186E-04,3.21135E-04,3.21604E-04,3.22035E-04,3.22921E-04,3.23717E-04,3.26347E-04,3.27940E-04,3.31073E-04,3.33479E-04,3.35345E-04,3.38392E-04
4.44265E-01,3.26728E-04,3.23753E-04,3.22764E-04,3.21164E-04,3.21290E-04,3.20983E-04,3.21419E-04,3.21433E-04,3.22068E-04,3.22737E-04,3.23922E-04,3.26381E-04,3.28229E-04,3.31527E-04,3.33609E-04,3.35491E-04,3.38441E-04
4.46247E-01,3.26579E-04,3.23966E-04,3.22840E-04,3.21532E-04,3.21167E-04,3.21046E-04,3.21309E-04,3.21618E-04,3.21913E-04,3.22799E-04,3.24300E-04,3.26722E-04,3.28596E-04,3.31515E-04,3.33508E-04,3.35349E-04,3.38314E-04
4.48219E-01,3.26615E-04,3.24358E-04,3.23294E-04,3.21496E-04,3.21492E-04,3.21456E-04,3.21187E-04,3.22028E-04,3.22113E-04,3.23237E-04,3.24354E-04,3.26880E-04,3.28616E-04,3.31342E-04,3.33610E-04,3.35390E-04,3.38480E-04
4.50246E-01,3.27032E-04,3.24302E-04,3.23499E-04,3.21341E-04,3.21791E-04,3.21564E-04,3.21545E-04,3.22105E-04,3.22582E-04,3.23375E-04,3.24154E-04,3.26680E-04,3.28568E-04,3.31563E-04,3.34014E-04,3.35783E-04,3.38906E-04
4.52265E-01,3.27254E-04,3.24111E-04,3.23397E-04,3.21628E-04,3.21719E-04,3.21431E-04,3.21931E-04,3.21961E-04,3.22681E-04,3.23258E-04,3.24393E-04,3.26722E-04,3.28975E-04,3.31920E-04,3.34202E-04,3.35998E-04,3.39007E-04
4.54251E-01,3.27193E-04,3.24339E-04,3.23502E-04,3.22013E-04,3.21610E-04,3.21566E-04,3.21949E-04,3.22120E-04,3.22623E-04,3.23328E-04,3.24806E-04,3.27097E-04,3.29445E-04,3.31856E-04,3.34056E-04,3.35961E-04,3.38825E-04
4.56217E-01,3.27331E-04,3.24761E-04,3.23957E-04,3.22003E-04,3.21982E-04,3.22026E-04,3.21963E-04,3.22564E-04,3.22889E-04,3.23794E-04,3.24867E-04,3.27309E-04,3.29484E-04,3.31683E-04,3.34143E-04,3.36064E-04,3.39015E-04
4.58245E-01,3.27761E-04,3.24778E-04,3.24097E-04,3.21869E-04,3.22318E-04,3.22190E-04,3.22362E-04,3.22626E-04,3.23362E-04,3.23987E-04,3.24702E-04,3.27167E-04,3.29367E-04,3.31842E-04,3.34521E-04,3.36486E-04,3.39415E-04
4.60275E-01,3.28013E-04,3.24658E-04,3.24037E-04,3.22204E-04,3.22289E-04,3.22126E-04,3.22824E-04,3.22465E-04,3.23473E-04,3.23841E-04,3.24935E-04,3.27261E-04,3.29716E-04,3.32211E-04,3.34688E-04,3.36747E-04,3.39516E-04
4.62247E-01,3.27946E-04,3.24970E-04,3.24087E-04,3.22630E-04,3.22241E-04,3.22288E-04,3.22868E-04,3.22655E-04,3.23347E-04,3.23980E-04,3.25350E-04,3.27683E-04,3.30073E-04,3.32181E-04,3.34517E-04,3.36663E-04,3.39361E-04
4.64213E-01,3.28009E-04,3.25450E-04,3.24497E-04,3.22629E-04,3.22607E-04,3.22722E-04,3.22831E-04,3.23109E-04,3.23559E-04,3.24437E-04,3.25438E-04,3.27886E-04,3.29976E-04,3.31955E-04,3.34557E-04,3.36667E-04,3.39476E-04
4.66260E-01,3.28447E-04,3.25546E-04,3.24688E-04,3.22521E-04,3.23021E-04,3.22935E-04,3.23198E-04,3.23210E-04,3.24013E-04,3.24624E-04,3.25311E-04,3.27798E-04,3.29781E-04,3.32213E-04,3.34929E-04,3.37053E-04,3.39905E-04
4.68277E-01,3.28608E-04,3.25461E-04,3.24534E-04,3.22875E-04,3.22989E-04,3.22797E-04,3.23584E-04,3.23097E-04,3.24052E-04,3.24517E-04,3.25538E-04,3.27878E-04,3.30023E-04,3.32647E-04,3.35054E-04,3.37238E-04,3.39968E-04
4.70259E-01,3.28523E-04,3.25755E-04,3.24597E-04,3.23297E-04,3.22962E-04,3.22945E-04,3.23519E-04,3.23282E-04,3.23849E-04,3.24570E-04,3.25985E-04,3.28284E-04,3.30241E-04,3.32676E-04,3.34863E-04,3.37042E-04,3.39815E-04
4.72238E-01,3.28508E-04,3.26232E-04,3.25030E-04,3.23300E-04,3.23337E-04,3.23359E-04,3.23372E-04,3.23754E-04,3.24012E-04,3.24999E-04,3.26054E-04,3.28481E-04,3.30123E-04,3.32546E-04,3.34931E-04,3.36977E-04,3.39975E-04
4.74257E-01,3.28855E-04,3.26278E-04,3.25242E-04,3.23184E-04,3.23722E-04,3.23519E-04,3.23621E-04,3.23867E-04,3.24440E-04,3.25180E-04,3.25923E-04,3.28357E-04,3.29938E-04,3.32865E-04,3.35335E-04,3.37302E-04,3.40427E-04
4.76295E-01,3.29002E-04,3.26113E-04,3.25095E-04,3.23488E-04,3.23629E-04,3.23363E-04,3.23936E-04,3.23735E-04,3.24444E-04,3.25040E-04,3.26132E-04,3.28374E-04,3.30186E-04,3.33331E-04,3.35521E-04,3.37458E-04,3.40515E-04
4.78291E-01,3.28854E-04,3.26379E-04,3.25199E-04,3.23920E-04,3.23570E-04,3.23459E-04,3.23807E-04,3.23960E-04,3.24303E-04,3.25132E-04,3.26584E-04,3.28808E-04,3.30538E-04,3.33411E-04,3.35391E-04,3.37308E-04,3.40386E-04
4.80264E-01,3.28869E-04,3.26764E-04,3.25650E-04,3.23901E-04,3.23947E-04,3.23933E-04,3.23642E-04,3.24414E-04,3.24456E-04,3.25545E-04,3.26637E-04,3.28962E-04,3.30531E-04,3.33285E-04,3.35493E-04,3.37295E-04,3.40536E-04
4.82282E-01,3.29279E-04,3.26762E-04,3.25866E-04,3.23759E-04,3.24307E-04,3.24028E-04,3.23949E-04,3.24504E-04,3.24919E-04,3.25720E-04,3.26494E-04,3.28817E-04,3.30488E-04,3.33574E-04,3.35948E-04,3.37639E-04,3.41007E-04
4.84287E-01,3.29529E-04,3.26561E-04,3.25779E-04,3.24060E-04,3.24207E-04,3.23919E-04,3.24278E-04,3.24373E-04,3.25032E-04,3.25599E-04,3.26704E-04,3.28892E-04,3.30888E-04,3.34029E-04,3.36154E-04,3.37881E-04,3.41119E-04
4.86281E-01,3.29445E-04,3.26781E-04,3.25920E-04,3.24506E-04,3.24136E-04,3.24073E-04,3.24262E-04,3.24576E-04,3.24931E-04,3.25717E-04,3.27194E-04,3.29315E-04,3.31342E-04,3.34049E-04,3.36074E-04,3.37848E-04,3.40992E-04
4.88254E-01,3.29539E-04,3.27186E-04,3.26397E-04,3.24500E-04,3.24516E-04,3.24533E-04,3.24211E-04,3.25030E-04,3.25180E-04,3.26175E-04,3.27239E-04,3.29505E-04,3.31413E-04,3.33860E-04,3.36156E-04,3.37933E-04,3.41186E-04
4.90275E-01,3.30068E-04,3.27215E-04,3.26635E-04,3.24391E-04,3.24888E-04,3.24727E-04,3.24656E-04,3.25116E-04,3.25713E-04,3.26372E-04,3.27097E-04,3.29393E-04,3.31443E-04,3.34065E-04,3.36616E-04,3.38366E-04,3.41663E-04
4.92289E-01,3.30339E-04,3.27116E-04,3.26539E-04,3.24732E-04,3.24852E-04,3.24617E-04,3.25139E-04,3.24993E-04,3.25858E-04,3.26314E-04,3.27363E-04,3.29519E-04,3.31852E-04,3.34512E-04,3.36799E-04,3.38630E-04,3.41789E-04
4.94267E-01,3.30299E-04,3.27364E-04,3.26659E-04,3.25212E-04,3.24823E-04,3.24792E-04,3.25206E-04,3.25167E-04,3.25789E-04,3.26435E-04,3.27840E-04,3.29968E-04,3.32295E-04,3.34473E-04,3.36677E-04,3.38611E-04,3.41669E-04
4.96243E-01,3.30453E-04,3.27903E-04,3.27091E-04,3.25235E-04,3.25243E-04,3.25277E-04,3.25250E-04,3.25660E-04,3.26057E-04,3.26947E-04,3.27913E-04,3.30221E-04,3.32299E-04,3.34251E-04,3.36756E-04,3.38664E-04,3.41812E-04
4.98268E-01,3.30960E-04,3.28016E-04,3.27317E-04,3.25161E-04,3.25643E-04,3.25455E-04,3.25731E-04,3.25807E-04,3.26594E-04,3.27169E-04,3.27848E-04,3.30179E-04,3.32197E-04,3.34511E-04,3.37202E-04,3.39122E-04,3.42282E-04
5.00297E-01,3.31185E-04,3.27939E-04,3.27212E-04,3.25537E-04,3.25641E-04,3.25352E-04,3.26206E-04,3.25676E-04,3.26705E-04,3.27068E-04,3.28096E-04,3.30317E-04,3.32511E-04,3.34953E-04,3.37345E-04,3.39408E-04,3.42382E-04
